ID,vdw,vdw_attr,vdw_rep,elec,elec_sr_attr,elec_lr_attr,elec_sr_rep,elec_lr_rep,hbp_ss,solv,sasa,acp,RMSD
1A2K,46,-62.45,3535.69,720.24,-625.84,-3265.13,564.82,3333.25,-1.45,-78.95,-178.09,-2.8,2.42
1A2K,38,-53.32,2093.68,711.58,-478.44,-3219.57,445.6,3205.24,-1.37,-69,-178.75,-3.01,2.42
1A2K,34,-51.67,1910.54,654,-433.7,-3088.11,382.7,3148.82,-4.84,-62.6,-181.15,-7.33,2.49
1A2K,118,-117,7582.61,798.81,-998.35,-3538.35,974.27,3527.62,-6.43,-166.45,-191.9,-19.81,2.43
1A2K,28,-48.26,2744.37,677.86,-467.62,-3030.11,468.59,3032.1,-2.37,-59.66,-184.63,-2.59,2.4
1A2K,33,-54.33,2112.95,689.46,-440.49,-3226.14,410.51,3246.75,-1.61,-65.91,-180.3,-4.99,2.27
1A2K,59,-65.12,5047.69,716.96,-609.86,-3313.23,558.87,3354.69,-2.83,-102.95,-178.27,-7.3,2.02
1A2K,51,-61.73,2833.99,698.33,-574.98,-3173.84,533.08,3315.66,-1.32,-82.11,-179.07,-7.15,2.42
1A2K,63,-65.92,3442.63,702.19,-608.37,-3202.82,577.39,3337.44,-1.37,-87.97,-180.88,-8.69,2.45
