10
0 0 0 0 0 0 0 0 0 0 
0 0 0 0 0 0 0 0 0 0 
0 0 0 0 0 0 0 0 0 0 
0 0 0 0 0 0 0 0 0 0 
0 0 0 0 0 0 0 0 0 0 
0 0 0 0 0 0 0 0 0 0 
0 0 0 0 0 0 0 0 0 0 
0 0 0 0 0 0 0 0 0 0 
0 0 0 0 0 0 0 0 0 0 
0 0 0 0 0 0 0 0 0 0 
0 0 0 0 0 0 0 0 0 0 
0 0 0 0 0 0 0 0 0 0 
0 0 0 0 0 0 0 0 0 0 
0 0 0 0 0 -0.216169 0.216169 0 0 0 
0 0 0 0 -0.648507 -0.216169 0.216169 0.648507 0 0 
0 0 0 -1.080844 -0.648507 -0.216169 0.216169 0.648507 1.080844 0 
0 0 0 -1.080844 -0.648507 -0.216169 0.216169 0.648507 1.080844 0 
0 0 0 0 -0.648507 -0.216169 0.216169 0.648507 0 0 
0 0 0 0 0 -0.216169 0.216169 0 0 0 
0 0 0 0 0 0 0 0 0 0 
0 0 0 0 0 0 0 0 0 0 
0 0 0 0 0 0 0 0 0 0 
0 0 0 0 -0.648507 -0.216169 0.216169 0.648507 0 0 
0 0 0 -1.080844 -0.648507 -0.216169 0.216169 0.648507 1.080844 0 
0 0 -1.513182 -1.080844 -0.648507 -0.216169 0.216169 0.648507 1.080844 1.513182 
0 0 -1.513182 -1.080844 -0.648507 -0.216169 0.216169 0.648507 1.080844 1.513182 
0 0 -1.513182 -1.080844 -0.648507 -0.216169 0.216169 0.648507 1.080844 1.513182 
0 0 -1.513182 -1.080844 -0.648507 -0.216169 0.216169 0.648507 1.080844 1.513182 
0 0 0 -1.080844 -0.648507 -0.216169 0.216169 0.648507 1.080844 0 
0 0 0 0 -0.648507 -0.216169 0.216169 0.648507 0 0 
0 0 0 0 0 0 0 0 0 0 
0 0 0 0 0 -0.216169 0.216169 0 0 0 
0 0 0 -1.080844 -0.648507 -0.216169 0.216169 0.648507 1.080844 0 
0 0 -1.513182 -1.080844 -0.648507 -0.216169 0.216169 0.648507 1.080844 1.513182 
0 0 -1.513182 -1.080844 -0.648507 -0.216169 0.216169 0.648507 1.080844 1.513182 
0 -1.945520 -1.513182 -1.080844 -0.648507 -0.216169 0.216169 0.648507 1.080844 1.513182 
0 -1.945520 -1.513182 -1.080844 -0.648507 -0.216169 0.216169 0.648507 1.080844 1.513182 
0 0 -1.513182 -1.080844 -0.648507 -0.216169 0.216169 0.648507 1.080844 1.513182 
0 0 -1.513182 -1.080844 -0.648507 -0.216169 0.216169 0.648507 1.080844 1.513182 
0 0 0 -1.080844 -0.648507 -0.216169 0.216169 0.648507 1.080844 0 
0 0 0 0 0 0 0 0 0 0 
0 0 0 0 -0.648507 -0.216169 0.216169 0.648507 0 0 
0 0 -1.513182 -1.080844 -0.648507 -0.216169 0.216169 0.648507 1.080844 1.513182 
0 0 -1.513182 -1.080844 -0.648507 -0.216169 0.216169 0.648507 1.080844 1.513182 
0 -1.945520 -1.513182 -1.080844 -0.648507 -0.216169 0.216169 0.648507 1.080844 1.513182 
0 -1.945520 -1.513182 -1.080844 -0.648507 -0.216169 0.216169 0.648507 1.080844 1.513182 
0 -1.945520 -1.513182 -1.080844 -0.648507 -0.216169 0.216169 0.648507 1.080844 1.513182 
0 -1.945520 -1.513182 -1.080844 -0.648507 -0.216169 0.216169 0.648507 1.080844 1.513182 
0 0 -1.513182 -1.080844 -0.648507 -0.216169 0.216169 0.648507 1.080844 1.513182 
0 0 -1.513182 -1.080844 -0.648507 -0.216169 0.216169 0.648507 1.080844 1.513182 
0 0 0 0 0 0 0 0 0 0 
0 0 0 -1.080844 -0.648507 -0.216169 0.216169 0.648507 1.080844 0 
0 0 -1.513182 -1.080844 -0.648507 -0.216169 0.216169 0.648507 1.080844 1.513182 
0 -1.945520 -1.513182 -1.080844 -0.648507 -0.216169 0.216169 0.648507 1.080844 1.513182 
0 -1.945520 -1.513182 -1.080844 -0.648507 -0.216169 0.216169 0.648507 1.080844 1.513182 
0 -1.945520 -1.513182 -1.080844 -0.648507 -0.216169 0.216169 0.648507 1.080844 1.513182 
0 -1.945520 -1.513182 -1.080844 -0.648507 -0.216169 0.216169 0.648507 1.080844 1.513182 
0 -1.945520 -1.513182 -1.080844 -0.648507 -0.216169 0.216169 0.648507 1.080844 1.513182 
0 -1.945520 -1.513182 -1.080844 -0.648507 -0.216169 0.216169 0.648507 1.080844 1.513182 
0 0 -1.513182 -1.080844 -0.648507 -0.216169 0.216169 0.648507 1.080844 1.513182 
0 0 0 0 0 0 0 0 0 0 
0 0 0 -1.080844 -0.648507 -0.216169 0.216169 0.648507 1.080844 0 
0 0 -1.513182 -1.080844 -0.648507 -0.216169 0.216169 0.648507 1.080844 1.513182 
0 -1.945520 -1.513182 -1.080844 -0.648507 -0.216169 0.216169 0.648507 1.080844 1.513182 
0 -1.945520 -1.513182 -1.080844 -0.648507 -0.216169 0.216169 0.648507 1.080844 1.513182 
0 -1.945520 -1.513182 -1.080844 -0.648507 -0.216169 0.216169 0.648507 1.080844 1.513182 
0 -1.945520 -1.513182 -1.080844 -0.648507 -0.216169 0.216169 0.648507 1.080844 1.513182 
0 -1.945520 -1.513182 -1.080844 -0.648507 -0.216169 0.216169 0.648507 1.080844 1.513182 
0 -1.945520 -1.513182 -1.080844 -0.648507 -0.216169 0.216169 0.648507 1.080844 1.513182 
0 0 -1.513182 -1.080844 -0.648507 -0.216169 0.216169 0.648507 1.080844 1.513182 
0 0 0 0 0 0 0 0 0 0 
0 0 0 0 -0.648507 -0.216169 0.216169 0.648507 0 0 
0 0 -1.513182 -1.080844 -0.648507 -0.216169 0.216169 0.648507 1.080844 1.513182 
0 0 -1.513182 -1.080844 -0.648507 -0.216169 0.216169 0.648507 1.080844 1.513182 
0 -1.945520 -1.513182 -1.080844 -0.648507 -0.216169 0.216169 0.648507 1.080844 1.513182 
0 -1.945520 -1.513182 -1.080844 -0.648507 -0.216169 0.216169 0.648507 1.080844 1.513182 
0 -1.945520 -1.513182 -1.080844 -0.648507 -0.216169 0.216169 0.648507 1.080844 1.513182 
0 -1.945520 -1.513182 -1.080844 -0.648507 -0.216169 0.216169 0.648507 1.080844 1.513182 
0 0 -1.513182 -1.080844 -0.648507 -0.216169 0.216169 0.648507 1.080844 1.513182 
0 0 -1.513182 -1.080844 -0.648507 -0.216169 0.216169 0.648507 1.080844 1.513182 
0 0 0 0 0 0 0 0 0 0 
0 0 0 0 0 -0.216169 0.216169 0 0 0 
0 0 0 -1.080844 -0.648507 -0.216169 0.216169 0.648507 1.080844 0 
0 0 -1.513182 -1.080844 -0.648507 -0.216169 0.216169 0.648507 1.080844 1.513182 
0 0 -1.513182 -1.080844 -0.648507 -0.216169 0.216169 0.648507 1.080844 1.513182 
0 -1.945520 -1.513182 -1.080844 -0.648507 -0.216169 0.216169 0.648507 1.080844 1.513182 
0 -1.945520 -1.513182 -1.080844 -0.648507 -0.216169 0.216169 0.648507 1.080844 1.513182 
0 0 -1.513182 -1.080844 -0.648507 -0.216169 0.216169 0.648507 1.080844 1.513182 
0 0 -1.513182 -1.080844 -0.648507 -0.216169 0.216169 0.648507 1.080844 1.513182 
0 0 0 -1.080844 -0.648507 -0.216169 0.216169 0.648507 1.080844 0 
0 0 0 0 0 0 0 0 0 0 
0 0 0 0 0 0 0 0 0 0 
0 0 0 0 -0.648507 -0.216169 0.216169 0.648507 0 0 
0 0 0 -1.080844 -0.648507 -0.216169 0.216169 0.648507 1.080844 0 
0 0 -1.513182 -1.080844 -0.648507 -0.216169 0.216169 0.648507 1.080844 1.513182 
0 0 -1.513182 -1.080844 -0.648507 -0.216169 0.216169 0.648507 1.080844 1.513182 
0 0 -1.513182 -1.080844 -0.648507 -0.216169 0.216169 0.648507 1.080844 1.513182 
0 0 -1.513182 -1.080844 -0.648507 -0.216169 0.216169 0.648507 1.080844 1.513182 
0 0 0 -1.080844 -0.648507 -0.216169 0.216169 0.648507 1.080844 0 
0 0 0 0 -0.648507 -0.216169 0.216169 0.648507 0 0 
