0001	3.4
0002	4.1
0004	3.23
0005	3.34
0006	3.5
0008	4.3
0009	4.7
0010	4.3
0011	3.3
0012	4.06
0013	4.9
0014	3.975
0015	10.3
0016	8.8
0017	9.1
0018	16.7
0022	7.6
0023	4.06
0024	3.87
0025	3.2
0027	17.0
0028	17.0
0029	22.0
0030	3.34
0031	3.1
0032	3.49
0033	3.2
0034	3.28
0035	3.49
0036	3.1
0037	3.34
0038	3.2
0039	3.4
0040	3.4
0041	3.9
0042	3.3
0044	4.9
0047	4.4
0048	3.9
0049	4.0
0051	4.2
0052	4.4
0054	3.0
0055	4.3
0056	3.75
0061	3.91
0063	4.07
0064	3.63
0065	3.27
0069	2.8
0076	3.8
0077	3.2
0078	8.0
0080	3.8
0081	3.9
0082	3.9
0083	4.4
0088	4.0
0089	3.28
0090	5.1
0091	4.8
0092	6.7
0095	3.6
0096	4.4
0097	3.0
0098	3.6
0099	3.6
0100	3.5
0101	3.28
0102	28.0
0104	4.57
0105	4.13
0106	5.6
0107	5.6
0109	5.9
0110	4.9
0111	4.7
0112	4.9
0113	4.4
0117	30.0
0127	6.25
0128	3.8
0129	3.28
0130	6.6
0133	3.5
0134	3.7
0135	4.2
0136	3.25
0137	3.0
0139	7.9
0143	4.02
0144	1.65
0145	4.16
0146	3.6
0147	4.6
0148	3.4
0149	3.95
0150	3.72
0152	3.10945
0153	1.89834
0154	11.4
0155	11.8
0156	8.7
0157	9.1
0158	9.4
0159	8.9
0160	8.9
0161	37.0
0164	4.0
0165	3.7
0166	4.5
0167	8.3
0168	9.7
0169	7.9
0170	22.0
0171	24.0
0173	3.97
0176	3.1
0177	3.5
0180	2.78
0190	3.09
0192	3.9
0194	3.8
0195	6.8
0196	3.58
0197	6.5
0199	3.1
0200	3.8
0201	4.8
0202	3.4
0203	6.7
0209	4.85
0210	4.12
0211	3.69
0212	6.86
0213	6.35
0214	7.04
0215	6.95
0216	6.95
0218	11.0
0219	16.0
0220	12.0
0221	12.0
0222	14.0
0223	14.0
0224	14.0
0225	4.1
0226	4.2
0227	3.2
0228	4.5
0229	7.8
0230	3.37
0231	3.39
0232	3.27
0233	3.08
0234	3.3
0235	3.3
0236	4.1
0237	4.2
0243	2.65
0245	4.8
0246	4.2
0247	3.2
0249	12.13
0250	10.7
0251	7.1
0253	4.5
0254	4.6
0255	4.8
0256	7.6
0257	3.7
0258	4.0
0259	3.2
0260	3.3
0261	2.96
0262	3.31
0263	2.18
0268	3.38
0269	3.31
0271	2.66
0272	2.64
0273	2.8
0275	3.1
0279	3.04
0280	3.69
0281	3.34
0282	3.26
0283	3.58
0287	4.4
0288	4.98
0289	3.3
0290	7.2
0291	6.6
0292	7.2
0293	8.6
0308	3.9
0309	4.4
0322	3.2
0328	4.3
0329	7.8
0330	4.4
0332	3.4
0335	3.0
0375	7.7
0376	9.3
0377	9.3
0413	50.0
0414	50.0
0440	4.1
1001	40
1003	11.5
1004	13
1005	14
1006	11.3
1007	12.9
1008	10.9
1009	10.9
1010	12.9
1011	16
1012	13.4
1013	14
1014	12
1015	9.0
1016	25
1017	26
1018	9.0
1019	7.5
1020	10
1021	10
1022	34.5
1023	42.2
1024	29
1027	25
1028	25
1029	25
1030	25
1031	25
1032	25
1033	25
1034	25
1035	25
1036	25
1037	25
1038	25
1039	25
1040	25
1041	25
1042	10.3
1043	9.7
1044	4.0
1045	16.8
1046	23.5
1047	14.9
1048	12.0
1049	16
1050	25
1051	30
1052	30
1053	20
1054	27.5
1055	9
1056	9
1057	16
1058	18
1059	11.0
1060	6.8
1061	15
1062	30
1063	12.0
1064	17.9
1065	17.5
1066	40.0
1067	11.7
1068	13.4
1069	21
1070	13.4
1071	13.2
1072	16
1073	16
1074	21.0
1075	22.5
1076	15.4
1077	12
1078	14.9
1079	5.5
1080	11.5
1081	6
1082	8.4
1083	12.3
1084	13
1085	13.4
1086	16
1087	7.5
1088	9.5
1089	18
1090	20.3
1091	17.3
1092	25.3
1093	18.3
1094	10.5
1095	25
1096	13.4
1097	85
1098	6.5
1099	22
1100	17.0
1101	9.5
1102	13
1103	22.0
1104	22.0
1105	22.0
1106	28
1107	29
1108	28
1109	20
1110	18
1111	22
1112	15.5
1113	10.3
1114	8.0
1115	12
1116	8.7
1117	12.7
1118	15
1119	23
1120	7.9
1121	9.0
1122	13
1123	7.4
1124	18
1125	9.5
1126	15
1127	15.5
1128	14.1
1129	12
1130	12
1131	18
1132	9
1133	9.6
1134	25
1135	24
1136	8.7
1137	10.3
1138	15
1139	26
1140	24
1141	13.7
1142	24
1143	14.9
1144	11
1145	11
1146	24
1147	24
1148	22
1149	16.5
1150	18.0
1151	55
1152	55
1153	15.0
1154	15.0
1156	20
1157	20
1158	12
1159	12
1160	16
1161	24
1162	18
1163	25
1164	21
1165	9
1166	25
1167	25
1168	23
1169	20
1170	33
1171	40
1172	11.5
1173	11.0
1174	20
1175	20
1176	9.5
1177	23
1178	9.3
1179	16.5
1180	7.7
1181	8.7
1182	16
1183	14
1184	12.8
1185	14
1186	26
1187	28
1188	14
1189	15
1190	18
1191	24
1192	27
1193	24
1194	33
1195	32
1196	35
1197	16.2
1198	15.7
1199	14.0
1200	7.8
1201	24.0
1202	8.2
1203	12
1204	15
1205	21
1206	7.5
1207	12
1208	32
1209	25
1210	33
1211	34
1212	32
1213	33
1214	20
1215	25
1216	28
1217	7.4
1218	28
1219	28
1220	17
1221	10.8
1222	20
1223	30
1224	19
1225	24
1226	11.5
1227	14.2
1228	14.5
1229	12.6
1230	14.2
1231	8
1232	30
1233	9.9
1234	14.5
1235	70
1236	12.5
1237	7.2
1238	10.4
1239	14.0
1240	8
1241	17.7
1242	16.7
1243	12.1
1244	11.2
1245	20
1246	32
1247	32
1248	13.8
1249	13.8
1250	15.5
1251	20
1252	34
1253	34
1254	16
1255	15
1256	15
1257	24
1258	32
1259	40.0
1260	20
1261	9.5
1262	10.7
1263	9.1
1264	8.7
1265	16
1266	27
1267	14
1268	14.5
1269	20.0
1270	25
1271	25
1272	22
1273	50
1274	14
1275	9.6
1276	28
1277	26
1278	27
1279	24
1280	35
1281	20
1282	22
1283	20
1284	20
1285	7.3
1286	20.0
1288	27
1289	20.0
1290	17
1291	25
1292	25
1293	25
1294	22
1295	20.0
1296	20.0
1297	20.0
1298	20.0
1299	21
1300	8.7
1301	18
1302	15.5
1303	12
1304	9.6
1305	30
1306	57
1309	17
1310	11.8
1311	13.6
1312	13.1
1313	18
1314	24.0
1315	7.3
1316	4.4
1317	20
1318	32
1319	17
1320	40
1321	10.9
1322	17
1323	16
1324	12
1325	45
1326	7.0
1327	20.0
1328	19.0
1329	30.0
1330	30.0
1331	30.0
1332	14.0
1333	16.4
1334	8.9
1335	23
1336	17
1337	17
1338	15
1339	18
1340	9
1341	10.0
1342	11.3
1343	9.7
1344	11.7
1345	8.9
1346	21
1347	22
1348	24
1349	25
1350	9.6
1351	10.5
1352	10.0
1353	9.6
1354	19.9
1355	33
1356	12
1357	32
1358	13
1359	11
1360	25
1361	26
1362	12.5
1363	10.9
1364	10.9
1365	11.75
1366	12.8
1367	25
1369	18.4
1370	15.3
1371	30
1372	28
1373	29
1374	34
1375	7.9
1376	7.9
1377	8.3
1378	8.3
1379	8.3
1380	8.3
1381	8.6
1382	8.6
1383	8.9
1384	8.9
1385	9.2
1386	9.2
1387	9.6
1388	9.6
1389	9.8
1390	9.8
1391	10
1392	18
1393	28
1394	58
1395	12.8
1396	10
1397	9.5
1398	11
1400	22
1401	22
1402	22
1409	17
1410	17
1411	27
1412	14
1413	12.5
1414	21
1415	28
1416	16
1417	9.4
1418	24
1419	9.3
1420	7.8
1421	15
1422	17
1423	25.5
1424	16.3
1425	18.5
1427	15
1428	18
1429	15
1430	9.1
1431	9
1432	15.5
1433	17.8
1434	9.1
1435	11.9
1437	24
1438	19
1439	23
1440	9.5
1441	20
1442	20
1443	20
1444	20
1445	40
1446	40
1447	40
1448	8.8
1449	34
1450	50
1451	50
1452	50
1453	50
1454	50
1455	14
1456	10
1457	5.4
1458	5.4
1459	7.3
1460	5.1
1461	3.8
1462	12
1463	25
1464	23
1465	32
1466	7.5
1467	11.3
1468	7.7
1469	20
1470	23
1471	17
1472	14.0
1475	29
1476	30
1480	8.7
1481	18
1482	8.5
1483	8
1484	9.6
1485	17
1489	14
1490	14
1491	30
1492	17
1493	17
1494	17
1495	17
1496	30
1497	30
1498	34
1499	19
1500	14
1501	19
1502	11
1503	16
1504	23
1505	28
1506	30
1507	14.5
1508	3.88
1509	15
1510	23
1511	43
1512	17
1523	8.7
1524	10.9
1525	14
1526	19
1527	9.9
1528	8.7
1529	9.0
1530	16
1531	8.0
1532	9.0
1533	9.0
1534	18
1536	32
1537	30
1538	30
1539	30
1540	10.5
1541	8.9
1542	23
1544	10.7
1545	10.3
1546	10.5
1547	10.2
1548	10.1
1549	30
1550	20
1551	13
1552	6.5
1553	16
1554	13
1555	8
1556	8.3
1557	7.3
1558	7.1
1559	25
1560	30
1562	9.0
1563	9.0
1564	12
1565	9
1566	21
1567	21
1568	23
1569	9.1
1570	8.0
1571	5.5
1572	34
1573	32
1574	11
1575	22
1576	40
1577	25
1578	22
1579	8.9
1580	13.0
1581	35
1582	30
1583	28
1586	8.7
1587	7
1588	23
1589	9
1590	17
1591	20
1592	20
1593	7
1594	19
1595	22
1597	22.0
1598	14
1599	12.8
1600	11.5
1601	14.1
1602	11.5
1603	12
1604	9.4
1605	19
1606	10.2
1607	10.2
1608	8
1609	4.2
1610	7.5
1611	7.5
1613	29
1614	25
1615	14.4
1616	18.1
1617	25
1618	22.9
1619	40
1620	7.0
1622	26
1623	5.9
1624	6.17
1628	8
1629	11.1
1630	11.1
1631	11.0
1636	27
1637	21.5
1638	25
1639	25
1640	25
1641	4
1644	46
1645	7.5
1646	20
1647	7.1
1648	7.8
1649	15
1650	23
1651	6.1
1652	6.48
1653	4.5
1654	17
1655	9
1656	16
1657	5.8
1658	18.3
1659	33.0
1661	16
1662	10.6
1663	10.6
1664	7.1
1665	7.3
1666	7.1
1667	8.6
1668	7.9
1669	8.8
1670	13.6
1671	15.3
1672	14.9
1673	12.6
1674	6
1675	24
1676	7.5
1677	13
1678	14
1679	20
1680	15
1681	30
1682	30
1683	25
1684	25
1685	25
1686	19
1687	19
1688	15
1689	8.7
1690	8.5
1691	11.8
1692	25.6
1693	15.3
1694	16.7
1696	37
1697	39
1698	10.2
1699	22
1700	25
1701	10.1
1702	13
1703	32
1704	36
1705	11.8
1706	26
1708	14.0
1709	12.0
1710	18.3
1711	13
1712	12
1713	4.6
1714	24
1715	9.2
1716	12
1717	20
1718	17
1719	13
1720	17
1721	12
1722	17
1723	15
1724	9
1725	14
1726	11
1727	18
1728	31
1729	30
1730	4.6
1731	8
1732	14
1733	6.8
1734	12
1735	11
1736	13.4
1737	13.2
1738	12.3
1739	7.9
1740	6.8
1741	7.9
1742	9.1
1743	9.5
1744	8.5
1746	13
1747	11
1748	6.0
1749	10.0
1751	13
1752	3.5
1753	21
1754	19
1755	18.5
1756	8.0
1757	35
1758	35
1759	35
1760	35
1761	22.9
1762	13.5
1763	19
1764	17.20
1765	20.5
1766	25.8
1767	6.7
1768	6.5
1769	28.5
1770	21
1771	18.3
1772	25
1773	23
1774	11.6
1775	14.1
1776	20
1777	19.5
1778	21
1779	21.5
1780	5.5
1781	43.1
1784	85
1785	85
1786	85
1787	13.5
1788	8.2
1792	24.8
1793	25
1794	25
1795	28
1796	25
1797	27
1798	7.8
1799	7.6
1800	21
1801	18
1802	11.5
1803	16.5
1804	10
1805	25
1807	28
1808	12.1
1809	27
1810	10.8
1811	9.5
1812	9.4
1813	33
1814	33
1815	11.0
1817	20
1820	25.0
1821	28
1822	35
1823	35
1824	3.8
1825	7.0
1826	4.0
1827	8.7
1828	8.7
1829	5.6
1830	6.0
1831	7.0
1832	28
1833	28
1834	33
1835	35
1836	9.6
1837	9.8
1838	9.7
1839	9.6
1840	13
1846	29.0
1847	27.8
1849	8.25
1850	13.2
1851	24
1852	24
1853	30
1854	10.8
1855	10.8
1858	7.1
1859	20
1860	19
1861	24
1862	10.4
1863	11.5
1864	17
1865	25
1866	29
1867	31
1868	29
1869	9.99
1870	18
1871	8.3
1872	22.9
1873	26
1874	6.4
1875	11.7
1876	19
1877	22
1878	24
1879	16
1880	17.5
1881	16
1882	32
1883	20.9
1884	9.8
1885	26
1886	6.0
1888	16
1889	19
1890	21
1891	35
1892	24
1893	20
1894	9.4
1895	16.5
1896	21.0
1897	20
1898	20
1899	19
1900	26
1901	33
1902	16.5
1903	17.5
1904	13.7
1905	14.7
1906	45
1907	10.5
1908	24
1909	70
1910	25
1911	25
1912	17.8
1913	15
1914	20
1915	11.1
1916	11.1
1917	9.9
1918	9.9
1922	30
1923	20
1924	20
1925	22
1926	26
1927	18
1928	15
1929	17
1930	20
1931	16.9
1932	21
1933	10.3
1934	9.9
1935	10.3
1936	20.0
1937	24.4
1938	14.7
1939	8.9
1940	20
1941	39.18
1942	8.9
1943	11.8
1944	10.3
1945	10.2
1946	10.8
1947	12.3
1948	9.2
1949	12.2
1950	20
1951	20
1952	20
1953	20
1954	21
1955	27
1956	69
1957	97
1958	56
1959	56
1960	10.5
1961	10.7
1962	13.9
1963	11.3
1964	25
1965	26
1966	9.0
1968	14.2
1969	17.4
1970	14.0
1972	37
1974	44
1975	23
1976	29.3
1977	23
1978	17
1979	19
1980	7.2
1981	14.2
1982	13
1983	7.5
1984	7.5
1985	12
1986	25
1987	7.7
1988	7.8
1989	8.1
1990	8.9
1991	24
1992	9.0
1993	16
1994	15
1995	8
1996	37
1997	7
1998	8
1999	8
2000	8.5
2001	8.5
2002	8.5
2003	8.5
2004	15
2005	8.6
2006	15
2007	16
2008	7.2
2009	6.6
2010	7.2
2011	24
2012	6.6
2013	28
2014	23
2015	25
2016	25
2017	13.5
2018	21
2019	15.5
2020	17.7
2021	14.1
2022	14.6
2023	42
2024	36
2025	15
2026	25
2027	6.09
2028	8.23
2029	18
2030	17
2031	15.6
2032	12.15
2033	15.7
2034	12.8
2035	8.4
2036	9.9
2037	12.7
2038	23
2039	20
2040	17
2041	16
2043	36
2044	24
2046	10
2047	7
2048	16
2049	8.8
2050	15.1
2051	11.7
2052	10.5
2053	17
2054	13.8
2055	6
2056	25.0
2057	5.5
2058	5.8
2059	8.0
2060	7.0
2061	12.5
2062	8.1
2063	19
2064	26
2065	22
2066	22
2067	21
2068	19.7
2069	15.5
2070	16
2071	6.2
2072	6.2
2073	23
2074	18.0
2075	15.8
2076	14.4
2077	9.7
2078	9.5
2079	11
2080	11
2081	15
2084	26
2085	32
2086	32
2087	38
2088	34
2089	8
2090	7
2091	18.0
2092	20
2093	19.6
2094	45
2095	8.3
2096	4.5
2097	4.5
2098	8.2
2099	31
2100	6.0
2102	20
2105	26.0
2106	10.9
2107	8.2
2108	9.9
2109	8.8
2110	18
2111	18
2112	9.3
2113	47
2114	47
2115	47
2116	47
2117	47
2118	47
2119	44
2120	45.7
2121	45.7
2122	45.7
2123	47
2124	41.5
2125	45.7
2126	44
2127	45.7
2128	42.9
2129	42.9
2130	41.6
2131	36.3
2132	36.8
2133	15
2136	20
2137	17
2138	17
2139	17
2140	17
2141	6.0
2142	4.5
2143	15
2144	17
2145	19
2146	18
2147	18
2148	17
2149	14.8
2150	17.5
2151	22.4
2152	12
2155	19
2156	22
2157	18
2159	23.8
2160	23.4
2161	37
2162	17.3
2163	15
2164	16
2165	7.4
2166	15
2167	16.3
2168	14.6
2169	8.1
2170	19
2171	24
2172	18
2173	25
2174	25
2175	25
2176	25
2177	25
2179	9.6
2180	16
2181	25.9
2182	25.9
2183	7.2
2184	5.5
2185	40
2186	40
2187	40
2188	25
2189	25
2190	25
2191	25
2192	25
2193	25
2194	25
2195	14.7
2196	15.0
2197	15.0
2198	20
2199	20
2200	15.6
2201	14.7
2202	14.5
2203	13.4
2204	30
2205	18
2206	27
2207	20
2208	21.7
2209	21
2210	11.5
2211	40.0
2212	20.0
2213	13.0
2219	8.0
2220	8.0
2221	8.4
2222	12.0
2223	10.0
2224	22
2225	21
2226	20
2227	20
2228	20
2229	12.8
2230	11.6
2231	14.3
2232	12.4
2233	8.5
2234	10.5
2235	9.8
2236	21
2237	6.1
2238	7.5
2239	5.57
2240	28
2241	18.1
2242	6.5
2243	9.5
2244	9.6
2245	28
2246	21
2247	25
2248	43.1
2249	41.7
2250	48.0
2251	47.1
2252	48.4
2253	43.5
2254	53.4
2255	49.8
2256	41.2
2257	40.6
2258	45.7
2259	41.4
2260	53.5
2261	48.3
2262	42.2
2263	42.6
2264	45.8
2265	52.3
2266	51.1
2267	42.7
2268	41.1
2269	56.2
2270	16
2271	21
2272	4.5
2273	4.5
2274	20
2275	4.5
2276	4.6
2277	5.1
2278	3.5
2279	8.9
2280	30.4
2281	20.5
2282	32
2283	32
2284	35
2285	16.5
2286	16.6
2287	35
2288	12
2289	12
2290	14
2291	14
2292	10
2293	10
2294	15
2295	15
2296	13.7
2297	6.3
2298	19.9
2299	24.6
2300	40
2301	26.5
2304	12.0
2305	12.4
2306	11.0
2307	12.7
2308	14
2309	20
2310	30
2311	23
2312	23
2313	26
2314	7
2315	10
2316	12
2317	22
2318	20
2319	17
2320	10.4
2321	25
2322	25
2323	12.2
2324	11.6
2325	8.9
2326	9.2
2327	15.9
2328	18
2329	38
2330	42
2331	20
2332	19
2333	20
2334	19
2335	30
2336	28
2337	24
2338	26
2339	20
2340	36
2341	8.1
2342	9.7
2343	23
2344	9.6
2345	44
2346	12.4
2347	9.0
2348	9.8
2352	30
2353	25
2354	20
2355	16
2356	29
2357	17.5
2358	20
2359	27
2360	16.8
2361	23
2364	4.4
2365	39
2366	17
2367	13
2368	25
2372	20
2373	14.5
2374	14.5
2375	7.2
2377	41
2378	41
2379	30
2380	27
2381	42
2382	42
2383	42
2385	22
2386	17.5
2387	6
2389	17
2390	17
2391	40
2392	47
2393	36
2394	16
2395	18
2397	10
2398	17
2400	16
2402	23.4
2403	29.3
2409	23
2410	34
2411	31
2414	30
2415	28
2416	30.0
2417	30.0
2418	22
2419	20
2420	30
2421	4.3
2422	6.6
2423	19
2424	32
2427	23
2428	23
2429	40
2430	40
2431	40
2434	16
2435	9.1
2436	13
2437	57
2438	64
2439	66
2440	61
2441	8.6
2442	6
2443	34
2444	35
2445	39
2446	7.28
2447	21
2448	11.5
2449	17
2450	8.5
2451	9.3
2453	31.67
2454	40.87
2455	47.07
2456	43.02
2457	46.21
2458	59.04
2459	13
2460	66.12
2461	53.42
2462	13
2463	21
2464	22
2465	55.63
2466	45.94
2467	39.94
2468	44.04
2469	51
2470	32.73
2472	12
2473	15
2474	17
2475	20
2477	17.4
2478	17.4
2479	22
2481	10
2482	10
2484	6
2485	4.1
2486	20
2487	8.5
2488	8.3
2490	4.9
2491	25
2492	25
2493	25
2494	23
2495	23
2496	23
2497	23
2498	23
2499	26
2500	25
2501	24
2502	24
2503	6.8
2504	60
2505	60
2506	66
2507	66
2508	23
2509	14.5
2510	6.9
2511	7.4
2512	7.8
2513	3.36
2514	40
2515	40
2516	40
2517	40
2518	40
2519	22
2520	44
2521	45
2522	23
2523	9.3
2524	5.8
2525	5.8
2526	7
2527	7
2528	8.7
2529	25
2530	22.2
2532	45
2533	9.2
2534	19
2535	16
2536	18
2537	10
2538	18
2539	20
2540	18
2541	25
2542	18
2546	15
2547	17
2548	13
2549	26.7
2550	7.2
2551	9
2552	9
2553	30
2554	22
2555	18
2556	21
2557	17
2558	21
2559	20
2560	25
2561	21
2562	24
2563	29
2564	8.8
2565	10.3
2566	3.2
2567	20
2568	9
2569	19
2570	20
2571	27
2572	25
2573	15.4
2574	14.5
2575	15.9
2576	16.2
2577	17.4
2581	20
2582	24
2583	21
2584	23
2585	24
2586	23
2587	23
2588	23
2589	20
2590	20
2591	20
2592	20
2593	20
2594	7.7
2595	9.3
2596	8.8
2597	9.15
2598	8.75
2599	3.7
2600	11
2601	11
2602	25
2603	3.6
2604	3.8
2605	5.5
2607	5.2
2608	5.5
2609	15.5
2611	25
2612	29
2613	29
2614	35
2615	29
2616	38
2617	29
2618	34
2619	26
2620	6.9
2621	7.6
2622	7.5
2623	8.7
2624	8.9
2625	18.7
2626	21.6
2627	8.1
2628	8.2
2629	14.4
2630	18.1
2631	11.6
2632	37
2633	40
2634	25
2635	30
2636	6
2637	24
2638	9.4
2640	30
2644	3.9
2645	17
2646	3.5
2647	14
2648	28.8
2649	3.35
2650	3.4
2651	7.4
2652	8.7
2653	8.0
2654	9.6
2655	18
2656	19.3
2657	25
2658	21.0
2659	25
2660	3.2
2661	3.4
2662	21.9
2663	20.8
2664	20.9
2665	21.7
2666	19.4
2667	34
2668	50
2670	28.1
2671	24.6
2672	19
2673	9.7
2674	9.7
2675	12
2676	4.95
2677	4.5
2678	5.4
2679	11
2680	10.4
2681	7.5
2682	8.9
2683	9.5
2684	12.8
2685	7.6
2686	21.4
2687	25.9
2688	22.9
2689	16.4
2690	7
2691	9
2692	9.7
2693	30.3
2694	25.8
2695	7.7
2696	13.1
2697	8.9
2698	17
2699	3.5
2700	8.4
2701	12.5
2702	4.9
2703	4.4
2704	3.8
2705	8
2706	8.8
2707	9.7
2709	10
2710	10
2711	13.1
2712	24
2713	26
2714	23
2715	18
2716	34
2717	20
2718	65
2719	74
2720	60
2721	66
2722	66
2723	69
2724	65
2725	67
2726	71
2727	67
2728	64
2729	73
2730	66
2731	65
2732	70
2733	63
2734	62
2735	73
2736	69
2737	66
2738	67
2739	67
2740	64
2741	69
2742	68
2743	73
2744	77
2745	65
2746	69
2747	65
2748	67
2749	74
2750	24
2751	6.1
2752	8.5
2753	17.8
2755	11.5
2756	9.7
2757	8.2
2758	8.9
2759	8
2760	7.0
2761	19.76
2762	3.4
2763	4
2764	3.75
2765	6.3
2766	7
2767	7
2768	7
2769	7.4
2770	6.5
2771	7.7
2772	17.8
2773	3.8
2774	36
2775	13
2779	18.5
2780	19.5
2781	9.4
2782	13
2783	16
2784	6.6
2785	7.8
2786	9.7
2787	3.4
2788	4.7
2789	17
2790	34
2791	3.7
2792	4.2
2793	11
2794	15
2795	17
2796	14
2797	9.6
2798	11.2
2799	6.9
2800	14.5
2801	24
2802	23
2803	23
2804	21
2805	19
2806	24
2807	3.8
2808	7.35
2810	8.7
2811	3.5
2812	5.0
2813	8.9
2816	16
2817	24
2818	10.24
2819	16
2820	17
2821	21
2822	34
2823	14
2824	4.2
2825	6
2826	30
2827	40
2828	22
2829	25
2830	27
2831	31
2832	3.6
2833	4.0
2834	3.7
2835	3.5
2836	3.5
2837	3.5
2838	3.6
2839	3.8
2840	4.1
2841	4.2
2842	3.35
2843	7
2844	9
2845	6.47
2846	27.5
2847	2.9
2848	11.0
2850	4.3
2852	7.0
2853	20
2854	6.3
2855	8.6
2856	4.0
2857	3.5
2858	4.6
2859	28
2860	8.2
2861	11.8
2862	12.5
2863	19
2864	19
2865	13.6
2866	19
2867	4.3
2868	19
2869	18
2870	4.1
2871	4
2872	23
2873	23
2874	7.35
2875	3.5
2876	3.5
2877	4.1
2878	4.7
2879	3.27
2880	3.5
2881	3.9
2882	20
2883	20
2884	20
2885	20
2886	20
2887	25
2888	20
2889	20
2890	20
2891	20
2892	20
2893	25
2894	25
2895	20
2896	13.6
2897	18.3
2898	4.1
2899	4.4
2900	4.4
2901	40
2902	7.4
2903	6.7
2904	7.3
2905	5.4
2906	9.5
2907	9.2
2908	7.1
2909	7.1
2910	8.0
2911	6.5
2913	3.6
2914	3.8
2917	5.7
2922	17.4
2923	7.2
2924	3.6
2925	5.7
2926	7.3
2927	11.5
2928	11.5
2929	8
2930	8.3
2931	13.0
2932	14.9
2933	11.6
2934	23
2935	23
2936	10.9
2937	10.3
2938	3.6
2945	2.9
2946	8.5
2948	14.7
2949	17.1
2950	17.7
2951	15.7
2952	18.9
2953	15.2
2954	17.7
2955	23.3
2956	17.3
2957	17.8
2958	17.7
2959	17.8
2960	17.9
2961	14.7
2964	17.9
2965	15.2
2966	5.9
2967	6.5
2968	20
2969	21
2970	12.9
2971	4
2972	13.6
2973	1.9
2974	4.4
2975	18
2976	9.7
2977	11.1
2978	11.6
2979	15
2981	3.5
2982	24
2983	15
2984	2.2
2985	13
2986	21
2987	18
2988	23
2989	21
2990	26
2992	7.8
2993	7.6
2994	7.2
2995	22.3
2996	6.9
2997	13
2998	11
2999	23
3001	1.4
3003	12.3
3004	12.5
3013	3.44
3014	3.04
3015	8.1
3016	16
3017	14.5
3018	17
3019	3.9
3020	5.6
3021	40
3022	35
3023	45
3024	32
3025	35
3026	21
3027	15.5
3028	1.4
3031	8.5
3032	16
3033	28
3033	16
3034	9.5
3035	12.6
3036	8.26
3037	3.75
3038	3.65
3039	3.45
3040	3.83
3045	3.9
3046	3.9
3047	3.46
3048	4.9
3049	6.0
3050	14.9
3051	24.8
3052	21.4
3053	24.6
3054	8.2
3055	9.8
3056	6
3057	9
3058	9
3059	9.32
3061	3.4
3062	4.5
3063	4.2
3064	5.2
3065	17
3066	19
3067	9.3
3068	9
3069	9
3070	9.4
3071	10
3073	4.1
3074	4.1
3075	8
3076	8
3077	5.8
3078	5.1
3079	4.8
3080	8.3
3081	9.5
3082	7.8
3083	6.4
3084	8.3
3085	7.1
3086	16.8
3087	19
3088	23
3089	18
3090	18
3091	20
3092	22
3093	17
3096	23
3097	10.6
3098	11
3099	3.8
3100	27
3101	7.7
3103	23.0
3104	37.5
3105	23.4
3106	23.0
3107	24.1
3108	12
3109	13
3110	33
3111	38
3112	19.4
3113	21.5
3114	11
3115	6
3120	4.47
3121	4.36
3125	4.87
3128	8.3
3129	3.2
3130	3.5
3132	7
3133	4.5
3134	8.5
3135	7.3
3136	16
3137	4.3
3138	15
3139	10.1
3140	8.1
3141	6.7
3142	6.7
3143	25.2
3144	16.9
3145	3.3
3146	4.1
3147	4.2
3148	16.5
3149	16.8
3150	44
3151	3.4
3152	3.9
3153	3.7
3154	69.4
3155	63.0
3156	70.3
3157	45.8
3158	60.1
3159	61.2
3160	85.3
3161	61.9
3162	81.0
3163	30
3164	6.7
3165	7.4
3166	7.2
3167	7.4
3168	7.4
3169	6.4
3170	7.1
3171	12.6
3172	16.7
3173	13.3
3174	14.5
3175	14.7
3176	15.0
3177	14.5
3178	3.9
3179	4.6
3180	4.7
3181	9
3183	14
3184	7.7
3185	4.8
3186	7.9
3187	7.9
3192	10.3
3193	11.2
3194	10.9
3195	10.9
3196	12.1
3197	35
3198	8.04
3199	9.5
3200	11.2
3201	8.34
3202	7.3
3203	8.9
3204	6.1
3205	6.1
3206	6.2
3207	18
3212	6.1
3213	5.9
3214	5.0
3215	35
3216	33
3217	38
3218	3.4
3219	3.6
3220	3.7
3221	3.9
3222	3.8
3223	5.8
3224	6.7
3225	5.6
3226	5.8
3227	3.88
3228	13
3231	3.6
3232	20
3233	4.4
3235	6.7
3236	3.9
3237	4.2
3238	4.1
3239	4
3240	4.3
3241	4.8
3242	12.3
3243	21.4
3244	20
3245	3.6
3246	2.8
3265	18
3266	10.1
3267	10.9
3268	10.2
3269	10.1
3270	13.8
3271	8.9
3272	15.9
3274	21
3275	15
3276	4.5
3277	6
3278	20.89
3279	24.23
3280	14
3281	8.5
3282	19
3283	7.6
3284	9.12
3285	4.6
3286	76
3287	100
3288	25
3289	23
3290	13.6
3291	13.9
3292	16.4
3293	14.8
3294	16.7
3295	2.3
3296	2.4
3297	3.3
3298	3.2
3299	3.3
3300	19.4
3301	5.5
3302	6.48
3303	18
3304	10.2
3305	8.7
3306	8.2
3307	7.2
3308	4.19
3309	4.30
3310	7.2
3311	6.7
3312	8.80
3313	6.7
3314	6.4
3315	8.8
3316	8.3
3317	27
3318	7.4
3319	9.8
3320	10.2
3321	9.3
3322	10.36
3323	6.9
3324	7.5
3325	6.1
3326	9
3327	8.1
3328	9.3
3329	6.1
3330	8.2
3331	3.8
3332	4.5
3333	4.2
3334	9.1
3335	10.5
3336	10.3
3337	3.9
3338	4.0
3339	5.6
3340	7.2
3341	9
3342	8
3343	8
3344	10
3345	10
3346	10
3347	3.2
3348	3.1
3350	8.3
3351	8.9
3352	6.8
3353	5
3354	5.5
3355	6.25
3356	6.25
3357	20
3358	25
3359	25
3360	25
3361	25
3362	23
3363	22
3364	15.6
3365	22
3366	4.2
3367	11.5
3368	13
3369	5.8
3370	6.7
3371	11
3372	6.3
3373	15
3374	4.11
3375	3.58
3376	3.97
3377	4.71
3378	4.35
3379	7.5
3380	3.89
3381	4.09
3382	6.1
3383	8.8
3384	24
3385	3.9
3386	3.8
3387	4.3
3388	3.4
3389	3.8
3390	4.0
3391	19.3
3392	3.83
3393	4.19
3394	4.55
3395	4.45
3396	6.77
3397	3.81
3399	19
3400	11
3401	7.2
3402	5.0
3403	10.5
3404	10.5
3406	9.85
3407	3.26
3408	22
3409	20
3410	25
3411	29
3412	27
3413	40
3414	4.1
3415	3.26
3417	25
3418	9.6
3419	10.6
3420	11.2
3421	12
3422	17
3423	22
3424	22
3425	19
3426	21
3427	20
3428	21
3429	22
3430	22
3431	29.7
3432	6.4
3433	6.0
3434	3.8
3435	7.8
3436	7.0
3437	8.2
3438	9.1
3439	4.8
3440	5.3
3441	26
3442	28
3443	7.5
3444	4.8
3445	9.3
3446	3.8
3447	4.0
3448	4.0
3449	4.6
3450	6.6
3451	4.8
3452	14.0
3453	15.0
3454	25.0
3455	2.4
3456	2.4
3457	2.2
3458	22.8
3459	10.0
3460	3.8
3461	3.8
3462	20.2
3463	24.8
3465	6.8
3466	8.8
3467	8.2
3468	8.4
3469	8.2
3470	8.6
3471	8.5
3472	8.4
3473	8.2
3474	8.1
3475	8.4
3476	18.3
3477	8.6
3478	8.0
3479	8.4
3480	8.4
3481	8.4
3482	8.5
3483	8.4
3484	8.5
3485	8.7
3486	20.0
3487	22.0
3488	3.2
3489	2.97
3490	3.06
3491	5.3
3492	3.35
3493	3.1
3494	13.5
3495	13.5
3496	20.0
3497	20.0
3498	20.0
3499	20.0
3500	20.0
3501	20.0
3502	15.0
3503	20.0
3504	20.0
3505	20.0
3506	14.0
3507	28.2
3508	3.1
3509	20.6
3510	23.8
3511	49.5
3512	54.3
3513	53.3
3514	53.2
3515	47.2
3516	47.8
3517	20.0
3518	3.0
3521	4.2
3522	4.6
3523	4.3
3524	4.2
3525	3.6
3526	5.4
3527	4.5
3528	2.7
3529	4.5
3530	5.1
3531	3.2
3532	3.6
3533	3.4
3534	4.1
3535	4.5
3536	7.8
3537	7.7
3538	3.9
3539	3.85
3540	7.9
3541	4.17
3542	4.6
3543	5.4
3544	5.2
3545	5.9
3546	6.1
3547	8.4
3551	3.25
3552	3.75
3553	4.97
3554	3.5
3555	3.3
3556	3.2
3557	46.7
3558	47.0
3559	27.5
3560	32.5
3561	9.8
3562	4.25
3563	15.9
3564	17.4
3565	4.25
3566	3.7
3567	4.0
3568	23.0
3569	25.0
3570	3.8
3571	4.0
3572	9.1
3573	9.1
3574	3.1
3575	3.5
3576	27.7
3577	38.0
3578	28.4
3579	6.4
3580	7.6
3581	5.6
3582	20.0
3583	3.8
3584	7.0
3585	28.0
3588	4.5
3589	4.2
3590	7.7
3591	7.7
3592	7.7
3593	3.4
3594	6.9
3595	4.2
3596	13.1
3599	10.9
3600	3.28
3601	3.9
3602	4.7
3603	7.0
3604	7.4
3605	4.2
3607	21.0
3608	11.4
3609	27.3
3611	9.0
3612	15.1
3613	24.7
3614	28.3
3615	13.5
3616	24.2
3617	4.8
3618	3.6
3619	3.7
3620	5.8
3621	6.1
3622	4.4
3623	7.9
3624	3.7
3625	3.7
3626	5.5
3627	5.7
3628	5.9
3629	6.2
3630	3.1
3631	3.1
3632	10.8
3633	11.5
3634	8.6
3635	12.3
3636	6.5
3637	6.76
3638	11.0
3639	9.0
3640	2.9
3641	30.8
3642	24.4
3643	29.6
3644	23.7
3645	3.5
3649	24.8
3650	3.4
3651	3.6
3652	3.3
3653	5.3
3654	3.78
3655	7.5
3656	3.8
3657	6.2
3658	6.6
3659	11.4
3660	11.4
3661	5.16
3662	5.16
3663	5.16
3664	6.2
3665	11.0
3666	11.0
3667	8.0
3668	4.7
3669	5.7
3670	4.4
3671	11.5
3672	5.7
3673	4.8
3674	6.85
3675	8.8
3676	3.8
3677	6.5
3678	8.37
3679	20.4
3680	20.4
3681	20.4
3682	3.9
3683	7.2
3684	17.2
3685	3.6
3686	3.8
3687	4.3
3688	4.0
3689	6.2
3690	5.8
3691	8.8
3692	6.0
3693	3.9
3694	16.5
3695	3.8
3696	5.8
3697	4.9
3698	3.8
3699	3.39
3700	3.5
3701	7.56
3702	6.05
3703	8.4
3704	12.0
3705	15.0
3706	8.7
3707	12.0
3708	18.0
3709	23.0
3710	23.0
3711	22.0
3712	23.0
3713	2.9
3714	11.4
3715	4.7
3716	5.6
3717	25.0
3718	4.6
3720	9.2
3721	10.1
3722	17.0
3723	15.0
3724	17.3
3725	21.0
3726	3.6
3727	4.4
3728	4.0
3729	3.85
3730	3.4
3731	4.13
3732	7.0
3733	7.5
3734	7.0
3735	7.0
3736	7.0
3737	25.0
3738	25.0
3739	25.0
3740	25.0
3741	3.4
3742	3.5
3743	3.4
3744	4.9
3745	7.3
3746	4.2
3747	3.6
3748	3.45
3749	4.1
3750	3.18
3751	3.31
3752	3.9
3753	19.0
3754	3.9
3755	19.2
3756	26.0
3757	4.7
3759	68.0
3760	49.0
3761	6.8
3762	38.0
3763	46.0
3764	44.0
3765	4.8
3766	4.5
3767	4.5
3768	4.5
3769	9.9
3770	4.2
3771	4.0
3772	9.6
3773	4.06
3774	11.5
3775	8.4
3776	4.6
3777	4.6
3778	5.5
3779	50.0
3780	5.2
3781	28.0
3782	3.4
3784	26.0
3785	4.0
3786	50.0
3787	50.0
3788	19.0
3789	26.0
3790	5.7
3795	40.0
3796	60.0
3802	4.4
3803	4.8
3804	11.7
3805	3.8
3806	3.2
3807	3.7
3808	4.2
3809	4.2
3814	27.0
3815	3.4
3816	3.6
3817	3.7
3818	3.7
3819	3.8
3821	7.4
3822	8.0
3823	9.0
3824	3.7
3825	14.0
3826	25.0
3827	21.0
3828	21.0
3829	27.0
3830	31.0
3831	31.0
3832	25.0
3833	4.26
3834	4.77
3835	4.1
3836	3.6
3837	3.7
3838	3.6
3839	3.4
3840	27.0
3841	13.0
3842	3.06
3843	3.03
3844	4.0
3845	4.4
3846	4.7
3847	3.2
3848	21.0
3849	21.0
3850	5.8
3851	4.0
3852	3.8
3853	2.5
3854	3.15
3855	4.2
3856	5.2
3857	3.7
3858	7.1
3859	7.2
3860	3.75
3861	4.06
3862	8.2
3863	3.22
3864	16.7
3865	3.18
3866	4.06
3867	7.25
3868	26.3
3869	6.6
3871	7.3
3873	9.1
3875	9.1
3877	21.1
3878	7.5
3879	8.0
3880	3.9
3881	3.87
3882	8.0
3883	2.9
3885	6.1
3886	3.6
3887	8.8
3888	4.2
3889	4.1
3890	4.2
3891	3.3
3892	3.3
3893	3.6
3894	8.4
3895	8.4
3896	7.9
3896	8.0
3897	11.0
3898	3.2
3899	3.7
3900	3.6
3901	3.9
3902	3.2
3903	3.1
3904	7.2
3905	9.9
3906	5.8
3907	4.5
3908	3.55
3909	50.0
3910	82.0
3911	82.0
3912	98.0
3913	12.3
3914	15.4
3915	12.8
3916	11.8
3917	17.1
3918	16.5
3919	100.0
3920	100.0
3921	100.0
3922	100.0
3923	100.0
3924	100.0
3925	8.3
3926	10.5
3927	7.4
3928	6.2
3929	10.5
3930	10.5
3931	8.0
3932	21.88
3933	23.81
3934	17.24
3935	19.61
3936	24.87
3937	34.48
3938	23.81
3939	36.48
3940	27.36
3941	3.0
3942	2.9
3943	3.0
3944	3.4
3945	3.6
3946	3.8
3947	3.7
3948	5.4
3949	5.1
3950	6.3
3951	2.87
3952	2.7
3953	3.1
3954	4.8
3955	4.0
3956	3.4
3957	3.4
3958	3.3
3959	3.3
3960	6.92
3961	4.4
3962	4.2
3963	4.4
3964	3.8
3965	3.8
3968	20.0
3969	23.0
3970	23.0
3971	24.0
3972	23.0
3973	24.0
3974	33.0
3975	32.0
3976	32.0
3978	23.0
3979	3.7
3980	4.0
3981	3.6
3983	4.22
3984	4.0
3985	20.4
3986	8.4
3987	9.3
3988	9.7
3989	9.4
3990	13.4
3991	15.9
3992	18.2
3993	20.3
3994	17.7
3995	7.6
3996	6.5
3997	7.6
3998	7.0
3999	3.1
4000	40.0
4001	3.7
4002	3.9
4003	10.4
4006	32.0
4007	28.0
4008	29.0
4009	3.5
4010	11.7
4011	9.1
4012	9.8
4013	8.8
4014	3.5
4015	3.9
4016	4.5
4017	4.2
4021	4.8
4022	9.0
4023	9.0
4024	10.0
4025	6.1
4026	5.7
4027	17.0
4028	18.0
4029	31.0
4030	28.0
4031	35.0
4032	4.35
4033	26.5
4035	28.0
4036	28.0
4037	4.2
4038	3.83
4039	6.2
4040	4.27
4041	5.6
4042	3.6
4043	18.5
4044	5.0
4045	25.0
4046	5.0
4047	6.0
4048	6.0
4049	10.2
4050	3.8
4051	6.2
4052	4.2
4053	3.8
4054	4.2
4055	3.8
4056	5.1
4057	10.0
4058	4.1
4059	3.9
4060	17.0
4061	4.9
4062	3.64
4063	3.42
4064	3.42
4068	3.46
4069	20.0
4070	3.6
4071	3.9
4072	35.0
4073	3.55
4074	4.3
4075	5.35
4076	4.2
4077	4.45
4078	5.1
4079	4.15
4080	4.0
4081	9.7
4082	8.3
4083	4.9
4084	3.9
4085	22.5
4086	7.7
4087	5.6
4088	4.9
4089	6.8
4090	3.9
4091	3.9
4093	3.9
4094	10.5
4095	22.7
4096	7.4
4097	19.2
4098	6.0
4099	5.8
4100	7.9
4101	7.8
4102	7.0
4103	10.4
4104	26.0
4105	23.0
4106	25.0
4107	9.1
4108	10.4
4109	9.9
4110	7.9
4111	9.5
4112	4.2
4113	17.0
4114	3.2
4115	3.2
4116	2.2
4117	3.8
4118	4.5
4119	27.8
4120	36.5
4121	3.6
4122	5.3
4123	4.8
4124	3.4
4125	3.5
4126	4.6
4127	4.6
4128	3.5
4129	3.06
4130	3.31
4131	3.65
4132	3.75
4133	3.35
4134	3.53
4135	3.67
4136	3.99
4137	3.47
4138	4.94
4139	8.2
4140	3.3
4141	6.7
4142	6.7
4143	14.9
4144	21.7
4145	19.4
4146	3.8
4147	3.8
4148	4.0
4149	29.0
4150	20.0
4151	27.0
4152	31.0
4153	31.0
4154	5.3
4155	4.5
4156	8.0
4157	23.0
4158	27.0
4159	25.0
4160	3.2
4161	3.3
4162	4.1
4163	3.6
4164	7.5
4165	3.87
4166	4.6
4168	3.5
4169	3.4
4170	3.4
4171	3.4
4172	3.4
4173	4.2
4174	3.3
4176	3.7
4177	6.7
4179	4.1
4180	3.7
4181	4.3
4182	5.5
4183	4.2
4184	3.7
4185	25.0
4186	24.0
4187	23.0
4188	6.1
4189	3.1
4190	9.8
4194	8.0
4196	3.44
4197	13.3
4198	8.0
4199	13.3
4200	13.3
4201	13.3
4202	14.0
4203	14.0
4204	17.0
4205	14.0
4206	18.0
4207	20.0
4208	20.0
4209	16.0
4210	20.0
4211	18.0
4212	6.5
4213	2.14
4214	3.4
4215	3.1
4216	3.7
4217	4.0
4218	4.3
4219	3.8
4221	9.0
4222	9.0
4223	9.0
4224	9.0
4225	3.07
4226	9.0
4227	9.0
4228	9.0
4229	9.0
4230	3.52
4231	25.0
4232	10.0
4233	16.0
4234	16.0
4235	11.3
4236	6.7
4237	6.2
4238	8.1
4239	10.8
4240	4.5
4241	4.1
4241	3.7
4242	6.3
4243	2.9
4244	2.9
4245	2.9
4246	3.6
4247	16.0
4248	4.5
4249	6.5
4250	3.9
4251	4.1
4252	4.5
4253	6.1
4254	3.7
4255	16.0
4256	3.56
4257	3.4
4258	7.3
4259	3.3
4260	4.4
4261	3.9
4262	4.6
4263	2.9
4264	3.754
4265	6.6
4266	7.1
4269	21.0
4270	3.15
4271	4.2
4272	4.3
4273	3.6
4274	4.1
4275	3.6
4276	3.42
4277	4.34
4278	4.68
4280	4.62
4281	3.58
4282	4.14
4283	4.47
4284	4.55
4285	6.25
4286	4.1
4287	3.57
4288	4.4
4289	3.8
4290	8.72
4291	6.57
4292	4.1
4295	8.2
4297	3.8
4298	4.0
4299	4.8
4300	3.7
4301	4.6
4302	3.9
4303	37.0
4304	33.0
4306	30.0
4307	30.0
4308	30.0
4309	30.0
4310	30.0
4311	30.0
4312	30.0
4313	30.0
4314	30.0
4315	9.1
4316	4.2
4317	4.7
4318	4.5
4319	3.2
4321	5.4
4322	4.5
4323	4.9
4324	6.1
4327	3.5
4328	3.02
4329	3.1
4330	3.53
4331	3.5
4332	30.0
4333	30.0
4334	30.0
4335	26.0
4336	10.0
4337	3.6
4338	3.68
4339	3.6
4340	3.93
4341	3.93
4342	5.4
4343	4.6
4344	5.9
4345	3.3
4346	9.0
4347	7.7
4348	4.0
4349	4.5
4350	4.1
4351	4.5
4352	3.6
4353	3.5
4354	17.0
4355	30.0
4356	3.9
4357	22.0
4358	3.78
4361	7.94
4362	3.66
4363	4.9
4364	4.0
4365	10.4
4366	5.01
4367	4.25
4368	3.2
4369	3.1
4370	3.2
4371	9.2
4372	11.5
4373	11.5
4374	26.3
4375	26.3
4378	3.8
4379	3.8
4380	4.3
4381	4.3
4382	4.3
4383	3.8
4384	4.32
4385	4.51
4386	3.85
4387	17.0
4388	16.4
4389	12.3
4390	4.11
4391	7.9
4392	19.6
4393	33.0
4395	3.6
4396	3.6
4397	3.7
4399	3.94
4400	5.7
4411	3.2
4427	5.3
5001	4.2
5002	4.7
5003	4.5
5004	17.5
5005	17.5
5006	25
5008	8.8
5009	23
5010	35
5011	8.0
5012	6.8
5013	25
5014	10.3
5015	12.6
5016	15.3
5017	12.6
5018	20
5019	20
5020	20
5021	20
5022	20
5023	20
5024	18
5025	25
5026	22
5027	28
5030	6.4
5031	15
5032	18
5033	19
5034	20
5035	18
5036	6.7
5038	11.0
5039	65.0
5040	23
5041	24
5042	15
5043	21
5044	19
5045	29
5046	23
5047	19
5048	25
5049	8.6
5050	8.6
5051	9.4
5052	10
5100	6.8
5101	8
5102	23.0
5103	15.0
5104	6.5
5105	12.5
5106	18
5107	18
5108	11.1
5109	11.7
5110	18
5111	12
5112	14
5113	14.1
5114	17
5115	22.75
5116	11.5
5117	22
5118	15.2
5119	7.9
5120	12
5121	17
5122	10
5123	10
5124	27
5125	9.8
5126	14.1
5127	19.8
5130	7.5
5131	10.5
5132	10.1
5133	17
5134	8
5135	10
5136	16
5137	4.3
5138	4.8
5139	10
5140	8
5141	23
5142	35
5143	18
5144	30
5145	4.7
5147	7
5148	4.0
5149	9.1
5150	8.2
5151	35
5152	35
5153	28
5154	14
5155	4.2
5156	3.6
5157	8.4
5158	28
5159	8.8
5160	3.3
5164	9.1
5165	8.5
5166	9.1
5167	9.1
5168	6.6
5169	11
5170	15.0
5172	3.6
5173	10.5
5174	18
5175	28.9
5176	24.5
5177	18.6
5178	31.4
5179	7.2
5180	11.4
5181	17.3
5182	13.8
5183	19.0
5184	17.6
5185	3.3
5186	9.5
5187	23
5188	13
5189	13
5190	13.7
5191	10
5192	9.0
5193	9.8
5194	9.3
5195	8.9
5196	10.5
5197	26.0
5198	28.0
5199	3.8
5200	5.4
5201	19
5202	10.0
5203	32
5204	38
5205	18
5206	9
5207	13
5208	26
5209	13
5210	12
5212	30
5213	32
5214	34
5215	33
5220	19
5221	25
5222	22
5223	8.6
5224	39
5225	39
5228	20
5229	20
5230	20
5233	3.9
5234	13.6
5235	6.9
5236	10.2
5237	8.8
5239	26
5241	25
5242	15.2
5243	15
5244	11
5245	6.7
5246	6.9
5247	4.9
5248	6.2
5249	7.2
5250	6.4
5251	7.0
5252	33
5254	35
5255	24
5256	3.1
5257	20
5258	8
5259	24
5260	24
5261	24
5262	13.2
5263	19
5264	13
5265	13.2
5266	13.2
5267	13.2
5268	7
5269	36
5271	10
5272	20
5273	20
5274	20
5275	4.8
5276	4.8
5278	9.5
5280	12
5282	26
5283	13
5284	21
5285	18
5286	18
5287	26
5288	26
5289	6.5
5290	8.2
5291	11.1
5292	9.1
5293	22
5294	9.6
5295	25
5296	10.3
5297	84
5298	50
5299	50
5300	64
5301	23
5307	12.0
5308	83
5309	59
5310	48
5311	59
5312	59
5313	68
5314	8.8
5315	9.2
5316	23
5317	28
5318	26
5319	22
5320	20
5321	20
5322	20
5323	20
5324	20
5325	20
5326	9.8
5327	9
5328	10.6
5329	10.6
5330	39
5331	19
5332	18
5334	16
5335	9.7
5336	7.3
5337	6.7
5338	6.1
5339	6.7
5340	7.3
5341	10
5343	36
5344	32
5345	15
5346	14
5347	14
5352	7.7
5353	12
5354	9.0
5355	19
5356	20
5357	20
5358	18
5359	14.7
5360	13.1
5361	12.1
5362	11.5
5363	11.5
5364	13.5
5365	11
5366	16
5367	15
5368	26
5369	8.5
5370	9.2
5371	10.0
5372	9.0
5373	16.5
5374	10
5375	8.5
5376	4.1
5377	7.9
5378	9.8
5379	19
5380	22
5381	15
5382	8.5
5383	15
5384	9.8
5385	9.8
5386	8.3
5387	25
5388	16
5389	25
5391	4.9
5392	9.1
5395	8.3
5396	6.2
5404	32.0
5405	8.0
5406	8.0
5407	16
5408	38
5409	26
5410	6.5
5411	66
5412	11.4
5413	25
5414	25
5415	4.5
5416	22
5417	24.5
5418	10.8
5419	26
5420	25
5421	26
5422	12.5
5423	7.5
5424	8.5
5425	9.8
5426	9.3
5427	8.6
5428	8.3
5429	24
5430	23.4
5431	32.0
5432	32.1
5433	31.5
5434	29.8
5435	33.4
5436	29.3
5437	33.1
5438	20
5439	9.7
5440	19
5441	19
5442	19
5443	19
5444	20
5445	8.3
5446	24
5447	6.0
5448	45.6
5449	22
5450	13
5451	17
5452	60
5453	60
5454	7
5455	24
5456	22
5457	24
5458	23
5459	23
5460	25
5461	28
5462	8.8
5463	22
5465	6.3
5466	9.2
5467	4.2
5472	21
5473	20
5474	21
5475	9
5476	11
5485	7.5
5486	6.2
5487	4.9
5488	4.4
5489	7.9
5490	12.8
5491	12.1
5492	13.0
5493	10.8
5494	11.1
5495	3.5
5496	3.8
5497	18.1
5498	18.9
5499	3.6
5505	20
5511	8.7
5512	9.03
5513	11.9
5514	9.54
5515	10.34
5516	9.91
5517	28.2
5520	3.6
5523	13
5524	12
5525	23
5526	25
5527	17.5
5528	25
5529	6.3
5530	42
5531	42
5532	50
5533	60
5534	40
5535	40
5536	40
5537	40
5538	9.6
5539	8.0
5540	15
5541	25
5542	25
5543	25
5545	25
5546	25
5547	25
5548	25
5549	25
5550	25
5556	26
5557	8.78
5558	9.76
5559	15
5560	16
5561	19
5562	9.8
5563	10
5564	20
5565	10.8
5566	7.8
5567	17
5568	17
5569	17
5570	20
5571	17
5572	13
5573	17
5576	15.6
5577	5
5578	14.9
5579	16.9
5580	16.0
5581	23
5582	8.6
5584	4.5
5585	4.5
5586	4.5
5587	35
5588	15
5589	35
5590	12.7
5591	6.0
5592	5
5593	6.9
5594	8.7
5595	17
5596	17
5597	17
5598	17
5600	4.1
5601	26
5602	29
5603	31
5604	26
5605	26
5606	26
5607	9.0
5608	11.0
5609	10.0
5610	9.4
5611	7.3
5612	7.7
5613	7.7
5614	7.8
5615	8.1
5616	7.9
5617	9.6
5623	3.3
5624	14
5625	14
5626	28
5627	35
5628	39
5629	39
5630	38
5631	39
5632	37
5633	38
5638	34
5640	22
5642	13.3
5643	10.7
5644	24
5645	4.6
5646	4.7
5650	9.0
5652	15.9
5654	14.1
5655	22.6
5656	14.7
5657	23.2
5658	11.6
5659	16.7
5660	16.9
5661	16.9
5668	9
5669	9
5670	12
5671	20
5672	16
5673	23.4
5674	21
5675	25
5676	21
5677	21
5678	4.5
5679	25
5680	18.5
5681	4.8
5688	13.6
5689	16
5690	12
5691	9.0
5692	9.5
5693	10.1
5694	40
5695	6
5696	8.3
5698	24
5699	12.2
5700	18
5701	17
5702	15
5703	18
5704	22
5705	14
5706	15
5707	19
5708	16
5709	19
5710	5.5
5711	57
5712	60
5713	26
5716	32
5719	26
5720	15
5721	15
5722	15
5723	22
5724	7
5725	7.1
5726	7.5
5727	7.6
5728	6
5730	16
5731	22
5733	23
5737	16
5739	26
5740	12
5741	22
5742	68
5743	74
5744	57
5745	47
5746	52
5751	8
5752	15
5755	35
5756	35
5759	16
5760	20
5761	19
5762	6.9
5763	10.8
5764	3.5
5765	3.5
5766	3.4
5767	15.6
5768	18.9
5769	17.4
5770	16.6
5771	6.6
5772	8.5
5773	18.5
5774	20
5775	6.8
5776	3.8
5777	4.2
5778	3.275
5779	5.8
5780	7.9
5781	8.2
5782	12.7
5784	7.5
5785	9.1
5786	7.7
5787	11
5788	13
5789	13
5790	13
5791	13
5792	13
5793	21
5794	23
5795	9.2
5796	5.9
5797	6.2
5798	7.3
5799	7.6
5800	7.6
5801	9.7
5804	25
5807	30
5808	30
5809	30
5810	30
5811	30
5812	30
5813	30
5814	30
5815	30
5816	35
5817	35
5818	35
5819	35
5820	30
5821	30
5822	30
5823	30
5824	30
5831	13.6
5832	15
5833	21.4
5837	13
5838	20
5839	13
5840	20
5841	7.5
5842	9.1
5843	7.7
5845	68
5846	69
5847	69
5848	69
5849	70
5850	71
5851	70
5852	71
5853	71
5854	72
5855	71
5857	15
5858	19
5859	21
5860	21
5861	30
5862	30
5863	30
5864	30
5865	30
5866	30
5867	30
5868	30
5869	30
5870	30
5871	30
5872	30
5873	30
5874	30
5875	30
5876	30
5877	30
5878	30
5879	30
5880	30
5881	30
5882	30
5883	30
5884	30
5886	4.8
5888	6.5
5890	9.6
5891	16.4
5912	41
5913	33
5914	41
5916	8.1
5917	4.6
5929	9
5930	20
5932	9.1
5933	6.0
5934	7.0
5935	9.0
5940	23
5946	20
5947	6.8
5948	6.0
5950	34
5953	25
5981	38
5982	17
5983	26
5990	14
5991	10.2
5992	10.4
5993	12.6
5994	13.6
5996	22.7
6000	3.8
6001	7.8
6002	17
6018	30
6019	40
6020	30
6021	30
6022	30
6023	30
6024	30
6025	30
6026	30
6027	30
6028	30
6029	30
6030	30
6031	30
6032	30
6033	30
6034	4.6
6035	3.5
6036	6.6
6037	3.6
6038	6.0
6043	18.0
6047	10.5
6048	15
6049	9
6050	15
6051	14
6052	24
6053	27
6054	17
6055	18
6056	15
6058	19
6059	16
6060	16
6061	25
6062	15
6063	15
6064	15
6065	23
6066	21
6067	23
6068	23
6069	20
6070	22
6071	18
6072	23
6073	24
6074	15
6075	30
6076	30
6077	24.6
6088	38
6089	58
6090	43
6091	48
6092	41
6093	41
6094	63
6095	43
6096	43
6097	42
6098	40
6103	10.2
6104	5.2
6105	7.2
6107	4.8
6121	13.9
6122	17
6124	3.7
6150	24
6151	24
6152	24
6153	22
6168	8.8
6182	29
6183	29
6184	13
6185	12.2
6186	10.4
6200	8.8
6202	4.3
6204	4.2
6205	7.6
6206	7.6
6207	7.8
6208	8.4
6209	8.2
6210	8.0
6211	9.5
6212	30
6213	7.4
6214	7.4
6215	25
6216	25
6217	25
6218	25
6232	27
6233	22
6234	24
6235	25
6236	26
6237	24
6238	24
6265	19
6267	4.24
6268	3.92
6269	4.67
6272	2.6
6284	6.9
6285	7.6
6286	8.3
6287	2.8
6289	6.5
6290	24
6291	16
6292	19
6303	12.6
6305	11.8
6306	3.9
6311	3.9
6319	11.3
6320	17.5
6321	12
6322	12
6326	7.5
6327	8.3
6328	7.1
6330	11
6332	16
6357	34
6358	40
6362	21
6365	7.2
6366	4.8
6367	24
6368	17.6
6370	23
6372	21
6373	22
6382	3.6
6383	6
6384	5.5
6385	7.0
6386	6.8
6387	7.2
6388	7.0
6389	17.0
6394	3.8
6395	4.5
6398	3.7
6399	8.7
6402	25
6404	4.0
6405	4.0
6406	3.3
6407	3.3
6408	3.3
6409	22
6410	7.8
6411	7.8
6412	23
6425	4.1
6426	27
6428	4.2
6429	30
6430	26
6436	25
6437	30
6438	25
6444	3.3
6445	3.3
6446	8.5
6447	8.2
6448	7.6
6449	8.5
6450	19.2
6451	16.4
6458	4.7
6459	7.5
6460	12.5
6461	4
6463	18
6465	16
6474	4.3
6482	40
6483	3.64
6484	3.73
6485	3.32
6486	3.32
6487	3.4
6488	3.7
6489	4.6
6490	9
6491	3.3
6492	6.8
6493	11.7
6494	9
6495	25
6496	24
6497	24
6498	24
6500	15.0
6527	17
6528	25
6529	17
6530	22
6531	25
6532	22
6533	6.5
6534	3.7
6535	4.7
6536	4.8
6549	3.7
6550	3.2
6551	3.8
6552	7.06
6553	7.06
6554	25
6555	2.9
6559	3.7
6580	4.4
6581	7.0
6583	2.8
6586	18
6587	18
6588	24
6589	24
6607	25
6608	25
6609	25
6610	25
6611	25
6612	25
6613	25
6614	25
6615	3.08
6616	6.6
6618	4.7
6621	21
6622	21
6623	17
6624	20
6625	21
6626	22
6627	20
6628	19
6630	3.26
6635	3.3
6636	3.9
6637	3.9
6638	7.8
6639	14.5
6641	6.7
6656	3.5
6657	4.5
6663	4.85
6664	5.2
6665	13.0
6666	20.0
6667	3.01
6668	4.4
6669	8.12
6670	5.28
6671	7.1
6672	7.1
6673	8.0
6674	7.3
6675	3.04
6676	3.26
6677	4.22
6678	4.18
6679	4.3
6680	7.3
6681	5.7
6682	6.8
6683	7.4
6684	4.0
6685	4.3
6686	3.4
6687	3.9
6688	4.2
6689	5.6
6690	4.4
6691	4.4
6692	6.9
6693	6.3
6694	4.2
6695	8.7
6696	4.5
6697	8.7
6698	3.8
6699	3.97
6700	4.69
6701	4.5
6702	3.71
6703	3.2
6704	3.7
6705	3.7
6706	4.1
6707	4.2
6708	3.9
6709	3.4
6710	3.7
6711	3.3
6712	13.43
6713	13.43
6714	3.0
6715	22.0
6716	25.0
6717	20.0
6718	3.6
6719	3.38
6720	3.62
6721	3.6
6722	12.0
6723	19.7
6724	4.1
6725	12.2
6726	11.0
6727	11.0
6728	5.3
6729	3.8
6730	4.7
6731	4.2
6732	3.8
6733	3.9
6734	4.18
6735	4.08
6736	4.25
6738	11.5
6739	11.9
6740	11.5
6741	2.7
6742	3.2
6743	3.6
6744	3.5
6745	12.0
6746	4.12
6747	3.83
6751	3.1
6752	3.3
6753	50.0
6754	50.0
6755	50.0
6756	50.0
6757	3.8
6758	3.43
6759	3.68
6760	3.72
6761	3.5
6762	3.58
6763	3.59
6764	4.29
6765	3.74
6766	3.95
6767	3.87
6768	3.81
6769	3.5
6770	4.0
6771	3.4
6772	3.7
6773	3.7
6774	3.4
6775	3.9
6776	17.4
6777	3.2
6778	3.17
6779	5.35
6780	3.35
6781	6.46
6782	6.0
6783	6.43
6784	3.2
6785	8.5
6786	8.5
6787	8.5
6788	3.35
6789	3.08
6790	3.45
6793	22.0
6794	22.0
6795	30.0
6796	20.0
6797	30.0
6798	20.0
6799	6.5
6800	2.9
6801	3.2
6802	3.0
6803	6.6
6804	12.8
6806	10.0
6807	10.0
6808	10.0
6809	9.5
6810	5.0
6811	4.7
6812	6.7
6813	7.5
6814	8.4
6815	7.6
6816	4.7
6817	3.46
6822	3.52
6823	5.8
6824	5.8
6825	5.8
6826	5.8
6827	4.4
6828	4.1
6829	3.0
6830	3.0
6831	4.11
6832	4.33
6833	4.57
6834	33.0
6835	6.9
6836	24.0
6837	24.0
6838	4.0
6839	3.6
6840	2.6
6841	35.0
6842	4.1
6844	3.8
6845	4.28
6847	4.4
6848	4.4
6849	5.0
6850	6.1
6851	5.2
6852	4.3
6853	4.2
6854	4.7
6855	4.6
6856	3.8
6859	4.2
6862	4.7
6863	3.9
6864	4.1
6865	3.97
6866	43.0
6867	45.0
6868	41.0
6869	43.0
6870	43.0
6871	43.0
6872	40.0
6873	60.0
6874	60.0
6875	4.8
6877	3.38
6878	3.65
6887	6.4
6888	6.6
6889	5.1
6890	6.5
6891	4.9
6898	4.5
6899	12.8
6900	5.4
6901	3.28
6902	11.4
6903	3.6
6904	4.4
6905	4.7
6906	5.7
6907	3.1
6909	10.0
6910	12.5
6911	4.36
6913	4.9
6915	3.95
6916	3.91
6917	3.2
6918	7.0
6919	9.0
6920	3.4
6921	3.4
6922	3.2
6923	3.7
6925	12.5
6926	13.0
6927	6.7
6928	7.1
6929	3.63
6930	3.63
6932	3.3
6933	14.0
6934	3.6
6935	8.5
6936	21.0
6940	4.2
6941	3.0
6942	3.6
6943	8.2
6944	7.7
6945	4.4
6949	24.0
6950	21.0
6952	4.25
6954	42.5
6955	45.0
6956	45.1
6957	43.4
6958	43.7
6959	43.4
6960	41.7
6961	15.0
6967	26.0
6968	3.8
6969	3.3
6972	3.4
6973	3.4
6974	3.9
6975	3.28
6976	3.75
6979	8.1
6980	5.6
6981	9.9
6982	7.0
6983	8.7
6984	6.7
6985	7.6
6986	6.9
6987	4.11
6988	3.07
6989	6.4
6990	6.3
6991	3.6
6992	3.2
6995	2.8
6996	3.2
6997	2.6
6998	3.51
7000	38.0
7001	38.0
7002	3.8
7003	8.4
7004	11.0
7005	23.2
7006	3.3
7007	3.9
7008	3.9
7009	3.7
7010	3.8
7011	35.0
7012	35.0
7013	35.0
7014	6.7
7015	7.9
7016	8.1
7018	4.06
7019	3.62
7020	4.65
7021	8.0
7023	3.4
7024	2.7
7025	2.5
7026	3.51
7027	3.78
7028	3.98
7029	6.4
7030	3.8
7031	4.5
7032	8.0
7033	9.9
7034	3.2
7035	3.7
7036	3.6
7037	3.7
7038	5.8
7039	3.3
7040	4.1
7041	3.7
7042	3.8
7047	4.2
7048	2.9
7049	3.5
7050	3.1
7051	3.2
7052	3.6
7055	5.2
7056	22.0
7057	24.5
7058	4.8
7059	3.9
7060	10.0
7062	3.7
7063	3.3
7065	6.5
7066	6.5
7067	7.4
7068	25.0
7069	25.0
7070	23.5
7071	3.17
7072	16.2
7073	3.63
7075	3.8
7077	35.0
7078	35.0
7079	9.0
7080	9.3
7081	3.14
7082	3.54
7083	2.88
7085	3.25
7086	3.8
7087	3.23
7088	4.31
7089	13.2
7090	6.5
7091	6.5
7092	4.2
7093	7.2
7094	3.5
7095	3.8
7096	3.8
7097	3.4
7098	4.2
7099	3.14
7100	6.0
7101	3.3
7102	3.6
7103	5.5
7104	25.6
7105	26.0
7106	24.0
7107	27.0
7108	26.0
7109	3.3
7110	3.8
7111	5.9
7112	3.4
7113	3.36
7114	3.8
7115	5.5
7116	4.6
7117	5.5
7120	3.6
7121	4.0
7122	4.2
7123	3.9
7125	4.9
7126	4.9
7127	4.1
7128	3.8
7129	3.6
7130	3.9
7132	3.2
7133	3.1
7134	4.2
7136	4.7
7137	3.7
7155	64.1
7156	62.9
7157	102.3
7158	62.9
7159	120.1
7160	109.9
7161	114.3
7162	99.0
7163	110.2
7164	113.7
7165	98.8
7166	87.5
7167	99.1
7168	80.0
7169	97.5
7170	109.4
7171	109.0
7172	98.8
7173	70.2
7174	89.1
7175	63.3
7176	88.0
7177	98.9
7178	118.9
7179	123.2
7180	103.8
7181	61.5
7182	104.1
7183	100.1
7184	68.3
7185	97.7
7186	84.8
7187	118.0
7188	131.1
7189	60.5
7190	103.2
7191	122.1
7192	127.5
7193	60.6
7194	92.2
7195	118.8
7196	59.4
7197	123.1
7198	70.0
7199	136.9
7200	64.7
7201	92.5
7202	127.1
7203	66.5
7204	108.3
7205	57.2
7206	99.7
7207	64.7
7208	100.0
7209	105.2
7210	63.6
7211	108.2
7212	106.4
7213	80.3
7214	89.2
7215	113.1
7216	92.2
7217	67.8
7218	105.1
7219	64.4
7220	93.2
7221	102.3
7222	103.0
7223	62.6
7224	94.6
7225	95.8
7226	78.4
7227	100.9
7228	72.2
7229	108.7
7230	96.0
7231	62.6
7232	62.5
7233	105.6
7234	61.0
7235	138.9
7236	78.9
7237	67.8
7238	84.8
7239	57.4
7240	130.0
7241	104.9
7242	65.9
7243	100.7
7244	69.0
7245	117.2
7246	108.4
7247	58.4
7248	98.7
7249	103.4
7250	62.8
7251	73.2
7252	93.3
7253	100.5
7254	55.5
7255	92.4
7256	65.1
7257	106.7
7258	106.1
7259	94.8
7260	104.8
7261	98.5
7262	93.6
7263	100.0
7264	103.2
7265	92.0
7266	99.2
7267	107.1
7268	67.4
7269	78.3
7270	97.8
7271	77.2
7272	94.2
7273	104.5
7274	85.5
7275	73.6
7276	104.5
7277	78.6
7278	64.4
7279	61.5
7280	75.8
7281	92.7
7282	75.4
7283	108.6
7284	106.7
7285	103.3
7286	3.4
7287	0.85
7289	3.5
7290	6.8
7291	7.1
7292	8.7
7293	3.92
7294	4.0
7295	4.0
7296	5.7
7297	3.7
7298	4.1
7300	2.84
7301	3.79
7302	3.25
7303	4.3
7304	7.5
7306	6.2
7307	8.4
7308	13.3
7309	7.4
7310	10.1
7311	4.9
7312	7.7
7313	4.6
7314	4.0
7315	7.8
7316	12.5
7317	12.5
7317	12.5
7317	12.5
7318	5.8
7319	3.38
7320	3.27
7321	28.0
7322	5.15
7323	5.15
7324	3.7
7325	3.4
7326	4.0
7327	11.33
7328	4.5
7329	3.2
7330	3.8
7331	3.9
7332	5.2
7333	8.4
7334	3.9
7335	3.5
7336	3.5
7337	4.6
7338	3.9
7339	5.6
7340	3.1
7341	3.24
7342	4.2
7343	5.8
7344	4.8
7345	10.0
7347	3.66
7348	3.5
7349	3.7
7350	3.5
7351	3.7
7352	3.5
7403	4.03
7434	3.4
7435	3.2
7436	3.09
7437	3.49
7438	4.25
7439	5.75
7441	3.9
7442	2.8
7443	3.0
7444	3.0
7445	4.6
7446	6.5
7447	3.6
7448	3.6
7449	3.8
7450	4.4
7451	4.6
7452	2.78
7453	4.27
7454	6.72
7455	3.9
7456	4.05
7457	3.73
7458	4.27
7459	3.8
7460	3.6
7461	7.4
7462	4.3
7463	4.7
7464	4.0
7465	4.4
7468	3.7
7469	4.5
7470	3.17
7471	12.5
7472	4.2
7473	3.5
7474	39.0
7475	68.0
7476	4.3
7477	7.2
7478	8.2
7479	6.7
7480	3.9
7481	30.0
7482	3.42
7483	3.46
7484	3.35
7485	21.0
7486	40.0
7487	37.0
7488	33.0
7489	39.0
7490	1.71
7491	2.0
7492	2.2
7493	2.8
7494	3.2
7495	1.01
7496	1.01
7497	1.01
7498	1.15
7499	1.35
7500	1.37
7501	1.01
7502	1.01
7503	1.01
7504	1.02
7505	1.01
7506	1.15
7507	1.15
7508	1.16
7509	1.21
7510	1.31
7511	1.46
7512	1.45
7513	34.0
7515	36.0
7516	3.54
7517	4.5
7518	7.7
7519	8.2
7520	5.6
7521	10.2
7522	4.1
7523	4.8
7526	3.1
7527	20.0
7528	2.8
7529	4.6
7530	4.1
7531	4.1
7532	4.8
7533	4.5
7534	8.5
7535	3.7
7536	3.9
7537	3.4
7538	3.5
7539	4.7
7540	8.2
7542	3.07
7543	3.1
7544	3.36
7545	3.36
7546	3.8
7547	4.2
7548	3.6
7549	4.1
7553	4.7
7554	4.7
7555	4.7
7558	2.5002
7563	6.8
7564	8.0
7565	35.0
7566	35.0
7567	3.24
7568	4.2
7569	3.24
7570	17.36
7571	3.24
7572	3.32
7573	3.2
7574	3.9
7575	3.9
7576	4.5
7577	3.3
7578	3.8
7579	4.6
7580	10.6
7581	5.3
7582	4.4
7583	3.31
7584	6.6
7585	4.4
7586	6.2
7587	45.0
7588	20.0
7589	2.73
7590	50.0
7591	40.0
7592	3.24
7593	3.25
7594	35.0
7595	35.0
7596	35.0
7597	25.0
7598	3.75
7599	2.17
7600	2.9
7601	7.6
7602	5.5
7603	13.2
7604	8.1
7605	8.8
7606	9.3
7607	4.6
7608	7.9
7609	3.0
7610	3.1
7611	33.0
7612	33.0
7613	9.7
7618	3.5
7619	3.6
7620	3.3
7621	4.0
7622	4.0
7626	3.5
7631	3.93
7637	3.8
7639	15.08
7659	15.96
7660	15.28
7661	15.5
7662	15.44
7663	15.74
7664	16.0
7665	16.27
7666	15.57
7667	15.55
7668	16.06
7669	15.74
7670	15.52
7671	15.28
7672	15.93
7673	15.11
7674	15.82
7675	15.72
7676	15.06
7677	15.22
7678	16.08
7679	14.75
7680	14.6
7681	15.5
7682	14.7
7683	14.92
7684	14.99
7685	15.77
7686	15.13
7687	14.95
7688	16.14
7689	14.92
7690	14.94
7691	15.53
7692	15.95
7693	15.6
7694	15.88
7695	15.09
7696	15.43
7697	14.95
7698	14.79
7699	16.05
7700	14.94
7701	15.84
7702	14.98
7703	15.48
7704	15.03
7705	15.4
7706	14.95
7707	15.08
7708	15.6
7709	15.12
7710	16.04
7711	15.69
7712	14.84
7713	14.86
7714	14.86
7715	15.04
7716	16.09
7717	15.26
7718	15.01
7719	15.39
7721	14.7
7722	14.8
7723	15.1
7724	14.9
7725	15.6
7726	14.8
7727	16.2
7728	16.2
7729	14.4
7730	15.1
7731	15.8
7732	14.8
7733	14.9
7734	15.5
7735	15.5
7736	15.0
7737	14.9
7738	15.2
7739	15.9
7740	15.6
7741	15.3
7742	14.8
7743	15.8
7744	14.9
7745	14.8
7746	15.08
7747	15.9
7748	15.3
7749	15.6
7750	14.9
7751	16.5
7752	15.5
7753	14.8
7754	15.4
7755	16.1
7756	15.1
7757	15.4
7758	15.0
7759	15.0
7760	16.2
7761	15.2
7762	15.0
7763	15.1
7764	15.4
7765	15.1
7766	14.9
7767	16.0
7768	16.0
7769	3.2
7770	1.9
7771	3.9
7772	3.8
7773	3.9
7775	25.0
7777	25.0
7778	30.0
7779	30.0
7780	11.0
7781	11.0
7783	3.68
7784	3.74
7785	3.8
7786	3.54
7788	4.93
7791	6.09
7792	3.77
7793	4.3
7794	6.6
7795	3.5
7796	3.5
7797	3.7
7800	4.9
7801	4.9
7802	4.9
7803	5.0
7804	7.0
7805	40.1
7806	40.1
7807	40.1
7808	3.45
7809	3.45
7810	3.31
7811	40.1
7812	3.4
7813	3.54
7814	3.8
7815	3.91
7816	3.86
7817	3.92
7818	7.75
7819	8.22
7820	6.4
7821	4.8
7823	4.0
7824	4.34
7825	4.44
7826	3.8
7827	26.0
7828	5.0
7829	7.7
7830	7.6
7831	3.54
7832	6.6
7833	9.8
7834	3.2
7835	3.6
7836	3.2
7843	3.4
7844	3.0
7845	5.0
7846	4.4
7847	4.22
7848	4.0
7849	4.3
7850	3.9
7851	4.29
7852	4.7
7853	4.2
7854	40.0
7855	40.0
7856	40.0
7857	40.0
7858	3.1
7859	6.8
7860	4.9
7861	30.0
7862	30.0
7863	5.1
7864	30.0
7865	5.5
7866	8.2
7868	3.5
7869	3.5
7874	11.0
7882	3.32
7883	3.89
7887	20.0
7888	20.0
7889	20.0
7890	20.0
7891	20.0
7892	20.0
7893	20.0
7894	20.0
7895	20.0
7896	4.71
7900	23.0
7901	19.0
7902	21.0
7903	17.36
7904	18.45
7906	18.45
7907	10.0
7908	22.0
7909	26.0
7910	19.0
7911	28.0
7912	19.0
7914	25.0
7915	19.0
7916	24.0
7917	24.0
7918	24.0
7919	23.0
7920	23.0
7921	22.0
7922	19.0
7923	22.0
7924	22.0
7925	26.0
7926	23.0
7927	22.0
7928	19.0
7929	19.0
7930	26.0
7931	16.0
7932	22.0
7933	25.0
7934	26.0
7935	4.4
7939	4.8
7940	5.8
7942	3.8
7943	3.9
7944	3.9
7945	4.2
7946	21.0
7947	31.0
7948	5.6
7949	5.5
7950	3.6
7951	5.6
7952	3.7
7953	11.4
7954	10.7
7957	3.75
7958	10.1
7959	3.9
7960	4.4
7961	4.2
7962	4.6
7963	3.9
7964	4.1
7965	3.9
7966	4.0
7967	4.4
7968	3.6
7969	21.0
7970	3.7
7971	3.2
7972	8.5
7973	3.1
7974	3.3
7975	3.5
7976	4.3
7977	4.1
7978	3.49
7979	3.69
7980	3.69
7981	3.33
7982	3.26
7983	4.12
7984	3.82
7985	3.94
7986	6.01
7987	4.47
7988	4.33
7989	4.69
7990	4.22
7991	3.96
7992	4.2
7993	3.8
7994	3.92
7995	3.66
7996	3.78
7997	3.9
7999	3.3
8000	3.7
8001	3.33
8002	4.3
8003	3.8
8004	3.8
8005	10.5
8006	4.2
8007	4.3
8008	4.6
8009	4.5
8010	4.5
8011	3.7
8012	3.7
8013	4.2
8014	3.6
8015	3.1
8016	6.4
8017	9.5
8042	50.0
8043	50.0
8044	50.0
8045	50.0
8046	50.0
8047	50.0
8048	80.0
8049	80.0
8050	80.0
8051	80.0
8052	80.0
8053	80.0
8054	77.0
8055	92.0
8056	35.0
8057	28.0
8058	6.6
8059	6.6
8060	6.3
8061	5.8
8062	7.3
8063	7.3
8064	3.8
8065	7.8
8066	20.0
8067	20.0
8068	20.0
8069	4.04
8070	7.0
8071	13.0
8072	3.37
8073	4.9
8074	4.2
8075	23.4
8076	3.5
8077	1.75
8078	17.0
8079	16.0
8080	19.0
8081	25.0
8082	25.0
8083	24.0
8084	3.5
8085	21.4
8086	25.2
8087	21.4
8090	8.25
8091	10.31
8092	16.0
8094	3.8
8095	3.7
8096	50.0
8097	7.0
8098	7.5
8099	3.8
8100	3.7
8101	13.5
8102	14.1
8103	13.5
8104	14.1
8105	15.4
8106	9.25
8107	3.0
8108	3.0
8109	3.6
8110	3.4
8111	3.5
8112	3.6
8113	3.1
8114	3.1
8115	3.1
8116	3.8
8117	2.95
8118	3.28
8119	3.43
8120	3.8
8121	44.0
8122	36.0
8123	3.6
8124	3.8
8125	17.0
8126	50.0
8127	36.0
8128	6.7
8129	6.7
8130	5.8
8131	10.0
8132	8.6
8133	7.9
8134	6.3
8135	5.4
8136	3.9
8137	3.9
8138	3.9
8139	3.7
8140	3.87
8141	22.0
8142	20.0
8143	7.3
8144	15.5
8145	26.4
8146	9.0
8147	6.0
8148	5.34
8149	5.34
8150	4.0
8151	7.7
8152	7.2
8153	9.6
8154	7.5
8155	7.8
8156	28.0
8158	27.5
8159	30.2
8160	25.2
8161	23.0
8162	3.6
8163	3.6
8164	3.9
8165	3.9
8166	6.3
8167	24.0
8168	10.9
8169	6.56
8171	7.7
8172	4.9
8175	3.6
8176	3.6
8177	4.4
8178	4.1
8179	3.5
8180	6.5
8181	21.0
8182	21.0
8183	4.2
8184	3.16
8185	3.9
8187	7.4
8188	4.46
8189	2.79
8190	5.8
8191	2.8
8192	3.8
8193	3.8
8194	1.8
8195	5.8
8200	4.22
8201	28.6
8202	27.1
8203	28.3
8204	27.4
8205	28.2
8206	28.2
8207	27.8
8208	25.8
8209	26.7
8210	13.4
8211	18.4
8212	10.8
8213	7.9
8214	10.2
8215	3.78
8216	1.1
8217	1.8
8218	2.3
8219	2.5
8220	1.7
8221	1.6
8222	2.5
8223	28.0
8224	50.0
8225	25.0
8226	25.0
8227	25.0
8228	25.0
8229	8.7
8230	6.4
8231	7.8
8232	6.8
8233	19.0
8234	23.0
8235	28.0
8236	5.2
8237	3.6
8238	3.9
8239	25.2
8240	4.3
8241	5.5
8242	4.3
8243	4.7
8244	9.1
8246	4.54
8247	7.73
8248	11.1
8249	35.0
8250	35.0
8251	35.0
8252	2.6
8253	3.7
8254	7.0
8255	6.5
8256	7.3
8258	39.0
8259	39.0
8260	39.0
8261	39.0
8262	7.6
8263	8.9
8264	6.7
8265	8.1
8266	3.5
8267	5.64
8268	20.0
8269	20.0
8270	20.0
8271	20.0
8272	1.9
8273	1.4
8274	5.8
8275	6.2
8276	6.5
8277	4.8
8278	5.7
8279	3.9
8280	4.1
8281	3.9
8282	3.9
8283	20.0
8284	4.3
8285	5.3
8286	5.3
8287	6.0
8288	23.0
8289	3.8
8290	11.6
8291	24.1
8292	6.9
8293	14.3
8294	6.7
8295	8.8
8296	7.6
8297	7.4
8298	4.0
8299	21.0
8300	4.6
8301	14.3
8302	6.2
8303	11.0
8304	5.1
8305	15.3
8306	4.5
8307	16.8
8308	21.9
8309	22.0
8310	22.0
8311	20.0
8312	20.0
8313	5.9
8314	2.89
8315	3.9
8316	8.3
8317	7.9
8318	8.3
8319	7.9
8320	3.5
8321	3.5
8322	3.5
8323	3.5
8324	3.9
8325	6.5
8330	6.4
8331	3.4
8332	3.8
8333	3.8
8334	4.4
8335	6.8
8336	8.0
8337	8.0
8338	30.0
8339	30.0
8340	30.0
8341	17.5
8342	3.6
8343	2.9
8345	3.6
8346	9.4
8347	9.9
8348	10.4
8349	10.4
8350	10.1
8351	10.1
8352	10.1
8353	10.4
8354	3.0
8355	4.0
8356	4.0
8357	6.9
8358	7.77
8359	8.53
8360	10.5
8361	2.54
8362	3.1
8362	3.3
8363	7.8
8364	8.3
8365	25.0
8366	22.0
8367	8.7
8368	4.2
8369	3.6
8371	17.9
8372	4.0
8373	3.8
8374	5.8
8375	4.2
8376	4.4
8377	4.4
8378	4.3
8379	4.3
8380	4.3
8381	4.4
8382	4.1
8383	6.2
8384	4.8
8385	6.2
8386	4.8
8387	4.4
8388	6.6
8389	4.6
8390	4.3
8391	4.4
8392	4.6
8393	4.6
8394	4.7
8395	4.5
8396	9.5
8397	3.6
8398	4.3
8399	3.6
8400	6.3
8401	4.4
8402	3.9
8403	18.0
8404	22.0
8405	3.4
8407	8.9
8408	7.3
8409	3.9
8410	3.5
8411	10.0
8412	16.0
8413	7.4
8414	3.8
8415	12.0
8416	16.0
8417	10.0
8418	10.0
8419	9.0
8420	8.58
8421	14.7
8422	19.6
8423	8.0
8424	11.0
8425	12.2
8427	6.8
8428	3.0
8434	6.5
8435	3.76
8436	5.6
8437	5.4
8438	5.2
8439	5.9
8440	4.5
8441	3.7
8442	4.5
8443	4.6
8444	4.0
8445	4.0
8446	4.7
8447	4.9
8448	4.6
8449	4.7
8450	3.7
8451	4.2
8452	4.5
8453	5.0
8454	3.95
8455	4.5
8456	4.9
8457	7.9
8458	15.6
8459	40.0
8460	41.0
8461	3.73
8462	8.7
8463	6.1
8464	6.1
8465	6.9
8466	32.0
8467	4.8
8468	8.1
8469	4.2
8470	6.3
8471	3.7
8472	2.9
8473	5.1
8474	6.1
8475	7.9
8476	17.0
8477	3.8
8478	3.3
8479	4.4
8480	7.8
8481	3.9
8482	3.97
8483	4.6
8484	15.0
8485	9.0
8486	10.0
8487	9.0
8488	9.0
8489	30.0
8490	7.6
8491	8.6
8492	50.0
8493	50.0
8494	50.0
8495	50.0
8496	50.0
8497	50.0
8498	50.0
8499	50.0
8500	50.0
8501	50.0
8502	50.0
8503	50.0
8504	4.6
8505	3.5
8506	3.7
8507	29.4
8508	9.1
8510	25.8
8511	3.5
8512	3.51
8513	5.7
8514	20.0
8515	3.76
8516	3.87
8517	3.76
8518	6.1
8519	4.9
8520	6.2
8521	3.2
8522	3.2
8523	16.9
8524	18.8
8525	18.8
8526	18.8
8527	23.3
8528	5.7
8529	22.3
8530	20.5
8531	22.4
8532	6.2
8533	21.0
8534	25.2
8535	20.3
8536	22.6
8537	8.6
8538	10.8
8539	4.6
8540	3.9
8541	18.0
8542	25.0
8543	25.0
8544	17.0
8545	30.0
8546	7.3
8547	6.7
8548	6.2
8549	5.7
8550	4.3
8551	6.7
8552	5.4
8553	6.7
8554	7.2
8555	6.9
8556	6.5
8557	5.3
8558	15.6
8559	3.49
8560	3.34
8561	4.8
8562	4.8
8563	4.8
8564	4.8
8565	13.8
8566	30.0
8567	30.0
8568	30.0
8569	30.0
8570	6.9
8571	7.2
8572	6.9
8573	28.1
8574	2.8
8575	13.8
8576	3.2
8577	4.6
8578	18.0
8579	4.5
8580	4.5
8581	6.0
8582	9.0
8583	4.5
8584	3.74
8585	4.05
8586	4.38
8587	6.0
8588	6.0
8589	55.0
8590	38.5
8591	42.0
8592	64.0
8593	80.0
8595	5.0
8596	3.5
8597	3.2
8598	2.9
8600	40.0
8601	24.0
8602	28.0
8603	40.0
8604	2.8
8605	3.0
8606	3.3
8607	35.0
8608	3.96
8609	4.4
8610	10.0
8611	25.0
8612	25.0
8613	7.8
8614	7.3
8615	3.9
8616	3.6
8617	3.2
8618	4.0
8619	3.9
8620	3.8
8621	5.8
8622	3.7
8623	4.1
8624	3.4
8625	7.0
8626	6.0
8627	6.5
8628	6.7
8629	21.0
8630	11.0
8631	21.0
8632	4.2
8633	4.2
8636	6.5
8637	4.1
8638	4.7
8639	4.7
8640	5.9
8641	3.7
8642	3.9
8643	4.3
8644	4.4
8645	4.0
8646	4.5
8647	7.1
8648	6.6
8649	6.0
8650	3.7
8651	3.8
8652	4.0
8653	4.1
8658	3.9
8659	4.8
8660	25.0
8661	3.3
8662	3.5
8663	4.2
8664	4.2
8665	4.9
8666	3.6
8667	7.0
8668	5.8
8669	5.0
8670	4.5
8671	5.5
8672	4.5
8673	7.7
8674	5.7
8675	6.1
8676	6.8
8677	8.5
8678	8.3
8679	7.3
8680	8.3
8681	7.9
8682	8.9
8683	7.7
8684	8.8
8685	7.8
8686	8.3
8687	4.6
8688	8.4
8689	4.9
8690	25.0
8691	25.0
8692	8.7
8693	6.2
8694	11.0
8695	11.5
8696	9.6
8697	4.0
8698	25.3
8699	20.8
8700	18.2
8701	24.7
8702	3.55
8703	3.9
8704	30.0
8705	30.0
8706	10.5
8707	16.9
8708	3.3
8709	4.4
8710	6.25
8711	5.7
8712	3.7
8713	3.7
8714	5.6
8715	5.2
8716	7.4
8717	3.6
8718	33.0
8719	17.8
8721	4.9
8722	6.4
8723	7.7
8724	6.8
8725	7.9
8726	7.6
8727	60.0
8728	4.1
8729	10.5
8730	8.6
8731	4.2
8732	3.78
8733	6.4
8734	6.8
8735	5.8
8736	4.5
8737	6.4
8739	5.1
8740	8.0
8741	3.1
8742	3.3
8743	2.6
8744	5.6
8745	6.7
8746	4.0
8747	8.7
8748	21.0
8749	3.9
8750	3.5
8751	4.4
8752	5.8
8754	2.53
8755	3.7
8756	4.0
8757	4.0
8758	4.5
8759	6.0
8760	4.9
8761	2.71
8762	2.26
8763	3.01
8764	2.94
8766	20.0
8767	3.4
8768	25.0
8769	25.0
8770	25.0
8771	3.8
8772	4.2
8773	3.7
8774	4.2
8775	4.3
8776	3.9
8777	6.9
8778	3.3
8779	4.2
8780	4.5
8781	3.8
8782	3.37
8783	4.0
8784	3.6
8785	4.8
8786	4.6
8787	4.8
8788	4.7
8789	5.0
8790	4.5
8791	4.0
8792	4.0
8793	11.5
8794	4.4
8795	3.5
8796	6.0
8797	3.9
8798	6.0
8799	7.8
8800	6.1
8801	25.8
8802	9.3
8803	9.9
8804	10.2
8805	9.8
8806	11.0
8812	5.0
8813	3.0
8814	3.1
8815	3.4
8816	5.4
8817	4.4
8818	4.2
8819	4.6
8820	4.4
8821	6.1
8822	6.8
8823	4.2
8824	9.9
8825	5.8
8826	3.6
8827	3.64
8828	3.4
8829	3.0
8830	22.0
8831	22.0
8832	22.0
8833	14.7
8834	14.5
8835	33.0
8836	30.0
8837	41.0
8838	31.0
8839	14.0
8840	3.72
8841	3.49
8842	8.7
8847	3.8
8848	4.3
8849	5.5
8850	4.4
8851	6.7
8852	4.5
8853	5.7
8854	3.6
8855	4.2
8856	4.3
8857	1.0
8859	3.8
8860	3.57
8862	9.9
8863	34.4
8864	30.8
8865	30.7
8866	25.9
8867	21.0
8868	24.0
8869	15.2
8871	3.8
8874	4.22
8881	3.64
8882	3.75
8883	3.59
8884	25.0
8885	10.0
8886	7.0
8887	3.2
8888	4.1
8889	3.7
8890	3.6
8891	4.9
8892	4.8
8893	4.5
8894	4.6
8895	6.2
8896	5.2
8897	24.0
8898	9.0
8899	30.3
8900	29.4
8901	3.8
8902	3.17
8903	3.58
8908	2.2
8909	3.8
8911	3.7
8912	3.11
8913	3.6
8914	4.1
8915	3.9
8916	8.2
8917	8.8
8918	7.4
8919	4.3
8920	4.0
8921	4.24
8922	3.8
8923	3.1
8924	3.3
8925	6.5
8926	15.5
8927	20.1
8932	3.46
8934	3.6
8935	4.14
8936	4.29
8937	3.42
8944	7.0
8951	4.16
8952	4.23
8953	4.0
8954	5.1
8955	3.5
8956	3.3
8957	3.3
8958	3.7
8960	3.7
8961	3.9
8962	3.6
8976	20.0
8978	3.3
8982	10.0
8983	20.0
8984	6.4
8985	35.0
8986	3.1
8997	3.5
8998	3.65
8999	2.74
9000	3.5
9001	3.57
9002	3.73
9004	4.8
9005	2.9
9012	1.86
9013	3.4
9014	3.3
9015	6.5
9016	5.9
9017	5.4
9018	6.9
9019	7.8
9020	4.3
9021	3.4
9024	3.3
9025	3.0
9026	4.0
9027	3.6
9028	6.3
9029	6.9
9030	6.7
9032	4.0
9033	4.6
9034	6.1
9035	7.4
9036	7.2
9038	4.06
9039	3.92
9041	3.55
9042	4.43
9043	4.73
9044	4.27
9045	4.17
9047	4.4
9048	20.0
9049	20.0
9050	3.4
9053	3.46
9054	3.46
9055	3.46
9056	3.46
9057	3.46
9058	3.46
9059	3.46
9060	3.46
9061	20.0
9062	4.5
9064	5.0
9065	3.37
9066	3.4
9067	3.9
9070	96.1
9071	82.7
9072	85.8
9073	82.9
9074	86.0
9075	62.7
9076	93.9
9077	82.9
9078	81.7
9085	66.9
9087	58.2
9088	59.7
9089	59.9
9090	58.1
9091	58.5
9092	60.6
9093	58.2
9094	68.6
9100	4.4
9101	4.4
9102	3.9
9103	3.8
9107	11.6
9108	3.9
9109	4.5
9110	3.2
9111	3.6
9112	3.1
9113	3.5
9114	3.57
9115	3.4
9116	3.4
9117	3.2
9119	3.5
9120	4.0
9121	4.0
9122	29.0
9123	33.0
9127	28.0
9131	4.0
9132	3.6
9133	6.1
9134	6.36
9135	4.3
9137	3.4
9146	4.0
9147	5.97
9148	6.31
9149	12.7
9150	6.23
9151	8.21
9152	8.93
9153	16.5
9154	6.08
9155	7.14
9156	6.84
9157	7.51
9158	6.88
9160	5.38
9161	7.46
9162	5.3
9163	4.71
9164	6.2
9165	6.99
9191	3.4
9192	7.17
9194	2.83
9201	2.96
9202	2.99
9203	2.1
9206	3.05
9207	3.0
9208	3.12
9209	2.63
9210	2.63
9211	2.63
9215	2.8
9216	3.0
9217	3.2
9218	3.3
9219	3.5
9220	3.6
9221	3.3
9222	3.2
9223	3.0
9224	3.2
9225	3.3
9226	3.5
9227	3.6
9228	3.3
9229	3.2
9230	3.2
9233	2.1
9234	5.9
9235	3.8
9236	4.2
9237	3.6
9238	8.6
9239	3.4
9240	3.3
9241	3.8
9242	3.4
9243	4.1
9244	3.9
9245	4.2
9246	4.3
9247	4.1
9248	3.9
9249	7.7
9253	3.1
9254	3.6
9255	3.1
9256	3.0
9262	17.6
9263	17.0
9266	97.7
9267	97.4
9268	71.0
9269	71.0
9270	95.5
9271	95.5
9274	7.3
9275	7.5
9277	3.0
9278	7.3
9279	8.2
9280	4.4
9281	4.8
9282	0.9
9287	1.0
9289	0.77
9290	0.9
9291	0.8
9292	1.91
9294	3.8
9295	3.8
9298	4.5
9299	4.5
9300	4.2
9301	10.3
9302	9.8
9303	4.8
9304	4.8
9305	23.0
9306	7.5
9316	6.35
9317	5.16
9318	4.0
9328	21.6
9329	26.0
9330	28.0
9331	40.0
9341	3.7
9342	3.7
9343	3.9
9385	35.0
9400	3.9
9401	28.1
9501	21.0
9507	4.3
9508	3.8
9509	4.3
9510	4.6
9511	4.35
9512	3.5
9513	3.6
9514	3.9
9515	3.9
9517	3.7
9518	3.8
9519	4.0
9520	4.2
9521	5.7
9522	27.0
9523	24.0
9524	3.5
9525	3.4
9526	3.65
9527	4.6
9528	4.4
9529	4.2
9530	8.5
9531	9.4
9532	9.2
9533	15.6
9534	5.4
9535	4.5
9536	7.9
9537	5.4
9538	7.0
9539	4.0
9540	4.7
9541	4.6
9542	9.4
9543	16.3
9544	16.3
9545	15.6
9546	15.7
9547	14.6
9548	12.0
9549	20.0
9550	17.0
9551	16.4
9552	13.7
9553	15.9
9554	15.7
9555	15.3
9556	16.9
9557	17.0
9558	15.6
9559	16.0
9560	16.5
9561	17.5
9562	18.9
9563	16.3
9564	3.9
9565	3.3
9566	4.4
9567	4.5
9568	14.0
9569	3.07
9570	3.3
9571	3.6
9572	3.5
9573	4.4
9574	12.0
9575	4.0
9583	8.3
9584	9.0
9585	19.7
9586	9.0
9587	18.5
9588	3.6
9589	3.9
9590	3.0
9591	5.4
9592	3.2
9593	4.2
9594	4.5
9595	6.8
9596	6.7
9597	30.5
9598	11.6
9599	1.62
9600	3.4
9601	4.0
9602	3.4
9603	4.3
9604	3.9
9605	4.2
9606	3.6
9610	3.5
9616	3.48
9617	3.2
9618	40.0
9621	5.7
9622	3.48
9624	3.8
9626	3.92
9627	3.66
9629	3.4
9631	4.0
9632	3.8
9633	3.6
9634	3.5
9635	4.4
9636	7.2
9637	7.29
9638	7.35
9642	3.0
9643	2.8
9644	2.7
9648	2.7
9649	12.0
9650	25.0
9651	25.0
9652	12.0
9653	3.2
9654	3.16
9655	3.8
9656	3.4
9657	3.05
9658	3.8
9659	3.58
9660	3.37
9661	17.0
9662	19.0
9665	12.3
9666	12.0
9667	10.0
9673	3.3
9674	2.84
9675	3.12
9677	5.4
9682	3.68
9694	10.0
9708	3.35
9714	4.5
9715	5.1
9716	5.5
9717	7.8
9733	25.0
9754	3.3
9755	7.4
9756	7.4
