0 0 0 (39.4702,0)
1 1 -1 (1.41614e-15,-7.68663e-17)
1 1 0 (2.94293e-15,0)
1 1 1 (-1.41614e-15,-7.68663e-17)
2 0 0 (-52.7618,0)
2 2 -2 (0.259279,0.00291597)
2 2 -1 (-8.09789e-17,-0.00011082)
2 2 0 (-0.217563,0)
2 2 1 (8.09789e-17,-0.00011082)
2 2 2 (0.259279,-0.00291597)
3 1 -1 (-1.37134e-09,-1.31822e-05)
3 1 0 (-0.0216073,0)
3 1 1 (1.37134e-09,-1.31822e-05)
3 3 -3 (1.41947e-09,-6.33157e-06)
3 3 -2 (-0.00108549,-0.00320398)
3 3 -1 (3.66506e-10,-2.0887e-05)
3 3 0 (0.000858419,0)
3 3 1 (-3.66506e-10,-2.0887e-05)
3 3 2 (-0.00108549,0.00320398)
3 3 3 (-1.41947e-09,-6.33157e-06)
4 0 0 (14.658,0)
4 2 -2 (-0.763494,-0.0125277)
4 2 -1 (1.59638e-09,0.000367721)
4 2 0 (0.635897,0)
4 2 1 (-1.59638e-09,0.000367721)
4 2 2 (-0.763494,0.0125277)
4 4 -4 (0.0515798,0.00160435)
4 4 -3 (-1.72428e-09,3.43028e-05)
4 4 -2 (-0.039017,0.00335679)
4 4 -1 (-6.51718e-10,2.62633e-05)
4 4 0 (0.0372907,0)
4 4 1 (6.51718e-10,2.62633e-05)
4 4 2 (-0.039017,-0.00335679)
4 4 3 (1.72428e-09,3.43028e-05)
4 4 4 (0.0515798,-0.00160435)
5 1 -1 (7.22812e-09,4.55237e-05)
5 1 0 (0.0685578,0)
5 1 1 (-7.22812e-09,4.55237e-05)
5 3 -3 (-9.15383e-09,2.78182e-05)
5 3 -2 (0.00419335,0.0125951)
5 3 -1 (-3.76676e-09,8.70799e-05)
5 3 0 (-0.00376402,0)
5 3 1 (3.76676e-09,8.70799e-05)
5 3 2 (0.00419335,-0.0125951)
5 3 3 (9.15383e-09,2.78182e-05)
5 5 -5 (1.21176e-09,2.09961e-06)
5 5 -4 (0.00264808,0.000517231)
5 5 -3 (2.18057e-09,6.90877e-06)
5 5 -2 (0.000371687,0.00213877)
5 5 -1 (9.25787e-10,6.10724e-06)
5 5 0 (0.00273719,0)
5 5 1 (-9.25787e-10,6.10724e-06)
5 5 2 (0.000371687,-0.00213877)
5 5 3 (-2.18057e-09,6.90877e-06)
5 5 4 (0.00264808,-0.000517231)
5 5 5 (-1.21176e-09,2.09961e-06)
6 0 0 (35.6696,0)
6 2 -2 (1.06407,0.0276329)
6 2 -1 (-6.94317e-09,-0.000620673)
6 2 0 (-0.872711,0)
6 2 1 (6.94317e-09,-0.000620673)
6 2 2 (1.06407,-0.0276329)
6 4 -4 (-0.216147,-0.00573089)
6 4 -3 (6.60438e-09,-0.000171016)
6 4 -2 (0.163162,-0.0133621)
6 4 -1 (1.54589e-09,-0.000131111)
6 4 0 (-0.154927,0)
6 4 1 (-1.54589e-09,-0.000131111)
6 4 2 (0.163162,0.0133621)
6 4 3 (-6.60438e-09,-0.000171016)
6 4 4 (-0.216147,0.00573089)
6 6 -6 (0.108469,-0.0157895)
6 6 -5 (4.19639e-10,-8.20404e-06)
6 6 -4 (-0.078098,-0.0899295)
6 6 -3 (1.50188e-09,-3.55888e-06)
6 6 -2 (0.0745578,-0.125812)
6 6 -1 (7.39904e-10,-1.68109e-06)
6 6 0 (-0.0724783,0)
6 6 1 (-7.39904e-10,-1.68109e-06)
6 6 2 (0.0745578,0.125812)
6 6 3 (-1.50188e-09,-3.55888e-06)
6 6 4 (-0.078098,0.0899295)
6 6 5 (-4.19639e-10,-8.20404e-06)
6 6 6 (0.108469,0.0157895)
7 1 -1 (-1.78793e-08,-7.06629e-05)
7 1 0 (-0.0887804,0)
7 1 1 (1.78793e-08,-7.06629e-05)
7 3 -3 (2.48289e-08,-6.4726e-05)
7 3 -2 (-0.00863806,-0.0246909)
7 3 -1 (1.24341e-08,-0.000187434)
7 3 0 (0.00881792,0)
7 3 1 (-1.24341e-08,-0.000187434)
7 3 2 (-0.00863806,0.0246909)
7 3 3 (-2.48289e-08,-6.4726e-05)
7 5 -5 (2.29032e-08,-1.25802e-05)
7 5 -4 (-0.0130097,-0.00242176)
7 5 -3 (1.05024e-07,-3.99704e-05)
7 5 -2 (-0.00197951,-0.010186)
7 5 -1 (7.94219e-08,-3.51887e-05)
7 5 0 (-0.0130296,0)
7 5 1 (-7.94219e-08,-3.51887e-05)
7 5 2 (-0.00197951,0.010186)
7 5 3 (-1.05024e-07,-3.99704e-05)
7 5 4 (-0.0130097,0.00242176)
7 5 5 (-2.29032e-08,-1.25802e-05)
7 7 -7 (-1.61363e-08,-6.8229e-07)
7 7 -6 (0.00150481,0.000973948)
7 7 -5 (-7.99602e-08,-1.54916e-06)
7 7 -4 (0.00202502,-0.000127827)
7 7 -3 (-1.14014e-07,-7.04023e-07)
7 7 -2 (-0.000217048,0.000392321)
7 7 -1 (-5.22013e-08,-1.0057e-07)
7 7 0 (-0.000403805,0)
7 7 1 (5.22013e-08,-1.0057e-07)
7 7 2 (-0.000217048,-0.000392321)
7 7 3 (1.14014e-07,-7.04023e-07)
7 7 4 (0.00202502,0.000127827)
7 7 5 (7.99602e-08,-1.54916e-06)
7 7 6 (0.00150481,-0.000973948)
7 7 7 (1.61363e-08,-6.8229e-07)
8 0 0 (-48.3501,0)
8 2 -2 (-0.795346,-0.0376749)
8 2 -1 (1.44068e-08,0.000646015)
8 2 0 (0.627005,0)
8 2 1 (-1.44068e-08,0.000646015)
8 2 2 (-0.795346,0.0376749)
8 4 -4 (0.44343,0.007909)
8 4 -3 (-1.11243e-08,0.000441284)
8 4 -2 (-0.333376,0.0240306)
8 4 -1 (5.66878e-10,0.000338977)
8 4 0 (0.31404,0)
8 4 1 (-5.66878e-10,0.000338977)
8 4 2 (-0.333376,-0.0240306)
8 4 3 (1.11243e-08,0.000441284)
8 4 4 (0.44343,-0.007909)
8 6 -6 (-0.55602,0.0810408)
8 6 -5 (-3.06689e-09,5.441e-05)
8 6 -4 (0.399469,0.465209)
8 6 -3 (-7.54057e-09,2.37142e-05)
8 6 -2 (-0.383073,0.652228)
8 6 -1 (-3.98631e-09,1.12889e-05)
8 6 0 (0.372933,0)
8 6 1 (3.98631e-09,1.12889e-05)
8 6 2 (-0.383073,-0.652228)
8 6 3 (7.54057e-09,2.37142e-05)
8 6 4 (0.399469,-0.465209)
8 6 5 (3.06689e-09,5.441e-05)
8 6 6 (-0.55602,-0.0810408)
8 8 -8 (0.00533515,-0.000689649)
8 8 -7 (1.05226e-09,1.74877e-06)
8 8 -6 (-0.00376478,0.000407551)
8 8 -5 (5.88327e-11,1.82253e-07)
8 8 -4 (0.00339564,0.000249598)
8 8 -3 (2.64152e-10,-3.87575e-07)
8 8 -2 (-0.00293853,7.07897e-05)
8 8 -1 (1.89559e-10,-5.48908e-07)
8 8 0 (0.00356109,0)
8 8 1 (-1.89559e-10,-5.48908e-07)
8 8 2 (-0.00293853,-7.07897e-05)
8 8 3 (-2.64152e-10,-3.87575e-07)
8 8 4 (0.00339564,-0.000249598)
8 8 5 (-5.88327e-11,1.82253e-07)
8 8 6 (-0.00376478,-0.000407551)
8 8 7 (-1.05226e-09,1.74877e-06)
8 8 8 (0.00533515,0.000689649)
9 1 -1 (2.47175e-08,4.96644e-05)
9 1 0 (0.0271521,0)
9 1 1 (-2.47175e-08,4.96644e-05)
9 3 -3 (-3.40909e-08,0.0001025)
9 3 -2 (0.0130381,0.0299611)
9 3 -1 (-2.00398e-08,0.000264672)
9 3 0 (-0.014438,0)
9 3 1 (2.00398e-08,0.000264672)
9 3 2 (0.0130381,-0.0299611)
9 3 3 (3.40909e-08,0.0001025)
9 5 -5 (-1.40394e-07,3.95786e-05)
9 5 -4 (0.030847,0.00564719)
9 5 -3 (-5.96232e-07,0.000119534)
9 5 -2 (0.00456727,0.023691)
9 5 -1 (-4.40737e-07,0.00010469)
9 5 0 (0.0291365,0)
9 5 1 (4.40737e-07,0.00010469)
9 5 2 (0.00456727,-0.023691)
9 5 3 (5.96232e-07,0.000119534)
9 5 4 (0.030847,-0.00564719)
9 5 5 (1.40394e-07,3.95786e-05)
9 7 -7 (8.65019e-08,4.95301e-06)
9 7 -6 (-0.00999625,-0.00592036)
9 7 -5 (4.27928e-07,1.15606e-05)
9 7 -4 (-0.0128675,0.000977626)
9 7 -3 (6.12038e-07,5.07054e-06)
9 7 -2 (0.00119762,-0.00203636)
9 7 -1 (2.80439e-07,6.73533e-07)
9 7 0 (0.00342042,0)
9 7 1 (-2.80439e-07,6.73533e-07)
9 7 2 (0.00119762,0.00203636)
9 7 3 (-6.12038e-07,5.07054e-06)
9 7 4 (-0.0128675,-0.000977626)
9 7 5 (-4.27928e-07,1.15606e-05)
9 7 6 (-0.00999625,0.00592036)
9 7 7 (-8.65019e-08,4.95301e-06)
9 9 -9 (-8.8822e-10,1.27318e-07)
9 9 -8 (-6.4148e-05,-3.24826e-05)
9 9 -7 (3.93049e-10,3.155e-07)
9 9 -6 (0.000121753,0.000180223)
9 9 -5 (3.51863e-10,-8.22916e-08)
9 9 -4 (0.000143758,0.000281114)
9 9 -3 (1.60535e-10,-3.07277e-07)
9 9 -2 (9.04678e-05,-0.000136619)
9 9 -1 (3.90028e-11,-3.9675e-07)
9 9 0 (-0.000346167,0)
9 9 1 (-3.90028e-11,-3.9675e-07)
9 9 2 (9.04678e-05,0.000136619)
9 9 3 (-1.60535e-10,-3.07277e-07)
9 9 4 (0.000143758,-0.000281114)
9 9 5 (-3.51863e-10,-8.22916e-08)
9 9 6 (0.000121753,-0.000180223)
9 9 7 (-3.93049e-10,3.155e-07)
9 9 8 (-6.4148e-05,3.24826e-05)
9 9 9 (8.8822e-10,1.27318e-07)
10 0 0 (13.8332,0)
10 2 -2 (0.0988871,0.0297511)
10 2 -1 (-1.71221e-08,-0.000340043)
10 2 0 (-0.037446,0)
10 2 1 (1.71221e-08,-0.000340043)
10 2 2 (0.0988871,-0.0297511)
10 4 -4 (-0.572051,-0.000616241)
10 4 -3 (7.87317e-09,-0.000761925)
10 4 -2 (0.426603,-0.0212534)
10 4 -1 (-8.38035e-09,-0.000586963)
10 4 0 (-0.399482,0)
10 4 1 (8.38035e-09,-0.000586963)
10 4 2 (0.426603,0.0212534)
10 4 3 (-7.87317e-09,-0.000761925)
10 4 4 (-0.572051,0.000616241)
10 6 -6 (1.31402,-0.190695)
10 6 -5 (1.1296e-08,-0.000186829)
10 6 -4 (-0.940048,-1.1107)
10 6 -3 (1.7742e-08,-8.19358e-05)
10 6 -2 (0.908935,-1.5634)
10 6 -1 (1.03144e-08,-3.94044e-05)
10 6 0 (-0.887713,0)
10 6 1 (-1.03144e-08,-3.94044e-05)
10 6 2 (0.908935,1.5634)
10 6 3 (-1.7742e-08,-8.19358e-05)
10 6 4 (-0.940048,1.1107)
10 6 5 (-1.1296e-08,-0.000186829)
10 6 6 (1.31402,0.190695)
10 8 -8 (-0.0309592,0.00440975)
10 8 -7 (-6.65644e-09,-1.44661e-05)
10 8 -6 (0.021561,-0.00347624)
10 8 -5 (-4.5757e-10,-1.55386e-06)
10 8 -4 (-0.0194502,-0.00213266)
10 8 -3 (-1.47062e-09,3.15611e-06)
10 8 -2 (0.0166014,0.000165138)
10 8 -1 (-8.78541e-10,4.49305e-06)
10 8 0 (-0.0210932,0)
10 8 1 (8.78541e-10,4.49305e-06)
10 8 2 (0.0166014,-0.000165138)
10 8 3 (1.47062e-09,3.15611e-06)
10 8 4 (-0.0194502,0.00213266)
10 8 5 (4.5757e-10,-1.55386e-06)
10 8 6 (0.021561,0.00347624)
10 8 7 (6.65644e-09,-1.44661e-05)
10 8 8 (-0.0309592,-0.00440975)
10 10 -10 (0.00164283,-0.000605773)
10 10 -9 (-4.37822e-11,-3.50548e-07)
10 10 -8 (-0.00115217,-0.00197814)
10 10 -7 (2.10836e-10,7.18856e-08)
10 10 -6 (0.00138374,-4.31874e-05)
10 10 -5 (3.55654e-10,1.67231e-07)
10 10 -4 (-0.000578229,0.00145613)
10 10 -3 (8.415e-12,1.65889e-07)
10 10 -2 (0.00183002,-0.00142652)
10 10 -1 (-8.4491e-11,1.5402e-07)
10 10 0 (-0.00016837,0)
10 10 1 (8.4491e-11,1.5402e-07)
10 10 2 (0.00183002,0.00142652)
10 10 3 (-8.415e-12,1.65889e-07)
10 10 4 (-0.000578229,-0.00145613)
10 10 5 (-3.55654e-10,1.67231e-07)
10 10 6 (0.00138374,4.31874e-05)
10 10 7 (-2.10836e-10,7.18856e-08)
10 10 8 (-0.00115217,0.00197814)
10 10 9 (4.37822e-11,-3.50548e-07)
10 10 10 (0.00164283,0.000605773)
11 1 -1 (-1.53005e-08,2.06155e-05)
11 1 0 (0.0878746,0)
11 1 1 (1.53005e-08,2.06155e-05)
11 3 -3 (1.34951e-08,-0.000116447)
11 3 -2 (-0.0163991,-0.0211838)
11 3 -1 (1.27287e-08,-0.000249601)
11 3 0 (0.0182213,0)
11 3 1 (-1.27287e-08,-0.000249601)
11 3 2 (-0.0163991,0.0211838)
11 3 3 (-1.34951e-08,-0.000116447)
11 5 -5 (3.45568e-07,-8.56767e-05)
11 5 -4 (-0.0439902,-0.00881097)
11 5 -3 (1.44301e-06,-0.000240894)
11 5 -2 (-0.00374147,-0.0350354)
11 5 -1 (1.06145e-06,-0.000209601)
11 5 0 (-0.0361245,0)
11 5 1 (-1.06145e-06,-0.000209601)
11 5 2 (-0.00374147,0.0350354)
11 5 3 (-1.44301e-06,-0.000240894)
11 5 4 (-0.0439902,0.00881097)
11 5 5 (-3.45568e-07,-8.56767e-05)
11 7 -7 (-2.04568e-07,-1.87141e-05)
11 7 -6 (0.0330669,0.0173623)
11 7 -5 (-1.00997e-06,-4.44916e-05)
11 7 -4 (0.0404204,-0.00363313)
11 7 -3 (-1.45469e-06,-1.87468e-05)
11 7 -2 (-0.00302,0.00463992)
11 7 -1 (-6.68247e-07,-2.19176e-06)
11 7 0 (-0.0144411,0)
11 7 1 (6.68247e-07,-2.19176e-06)
11 7 2 (-0.00302,-0.00463992)
11 7 3 (1.45469e-06,-1.87468e-05)
11 7 4 (0.0404204,0.00363313)
11 7 5 (1.00997e-06,-4.44916e-05)
11 7 6 (0.0330669,-0.0173623)
11 7 7 (2.04568e-07,-1.87141e-05)
11 9 -9 (7.01036e-09,-1.1985e-06)
11 9 -8 (0.000479066,0.000150699)
11 9 -7 (-1.01615e-09,-2.82176e-06)
11 9 -6 (-0.000920098,-0.00131443)
11 9 -5 (-3.8044e-09,7.6533e-07)
11 9 -4 (-0.00113735,-0.00210147)
11 9 -3 (-1.40284e-09,2.81044e-06)
11 9 -2 (-0.00070724,0.00109587)
11 9 -1 (1.45512e-09,3.61373e-06)
11 9 0 (0.00281993,0)
11 9 1 (-1.45512e-09,3.61373e-06)
11 9 2 (-0.00070724,-0.00109587)
11 9 3 (1.40284e-09,2.81044e-06)
11 9 4 (-0.00113735,0.00210147)
11 9 5 (3.8044e-09,7.6533e-07)
11 9 6 (-0.000920098,0.00131443)
11 9 7 (1.01615e-09,-2.82176e-06)
11 9 8 (0.000479066,-0.000150699)
11 9 9 (-7.01036e-09,-1.1985e-06)
11 11 -11 (-9.41104e-10,-3.16929e-08)
11 11 -10 (-4.9648e-05,3.51637e-05)
11 11 -9 (-2.84904e-09,-5.13557e-08)
11 11 -8 (3.37208e-05,-7.58421e-05)
11 11 -7 (-5.49889e-10,6.28337e-08)
11 11 -6 (4.22418e-05,-3.99768e-05)
11 11 -5 (1.61337e-09,1.14054e-07)
11 11 -4 (2.78609e-06,-0.000177332)
11 11 -3 (-6.03386e-10,1.22448e-07)
11 11 -2 (1.45158e-05,-0.0003112)
11 11 -1 (-9.78151e-10,1.21614e-07)
11 11 0 (-2.37965e-06,0)
11 11 1 (9.78151e-10,1.21614e-07)
11 11 2 (1.45158e-05,0.0003112)
11 11 3 (6.03386e-10,1.22448e-07)
11 11 4 (2.78609e-06,0.000177332)
11 11 5 (-1.61337e-09,1.14054e-07)
11 11 6 (4.22418e-05,3.99768e-05)
11 11 7 (5.49889e-10,6.28337e-08)
11 11 8 (3.37208e-05,7.58421e-05)
11 11 9 (2.84904e-09,-5.13557e-08)
11 11 10 (-4.9648e-05,-3.51637e-05)
11 11 11 (9.41104e-10,-3.16929e-08)
12 0 0 (30.2771,0)
12 2 -2 (0.508986,-0.00422345)
12 2 -1 (9.00895e-09,-0.000162778)
12 2 0 (-0.447446,0)
12 2 1 (-9.00895e-09,-0.000162778)
12 2 2 (0.508986,0.00422345)
12 4 -4 (0.480024,-0.0167027)
12 4 -3 (6.53848e-09,0.000939688)
12 4 -2 (-0.351523,-0.00124601)
12 4 -1 (1.89433e-08,0.000727187)
12 4 0 (0.332774,0)
12 4 1 (-1.89433e-08,0.000727187)
12 4 2 (-0.351523,0.00124601)
12 4 3 (-6.53848e-09,0.000939688)
12 4 4 (0.480024,0.0167027)
12 6 -6 (-1.70021,0.240777)
12 6 -5 (-2.66912e-08,0.000435793)
12 6 -4 (1.20327,1.45224)
12 6 -3 (-2.45305e-08,0.000192684)
12 6 -2 (-1.18647,2.0634)
12 6 -1 (-1.62273e-08,9.39026e-05)
12 6 0 (1.16888,0)
12 6 1 (1.62273e-08,9.39026e-05)
12 6 2 (-1.18647,-2.0634)
12 6 3 (2.45305e-08,0.000192684)
12 6 4 (1.20327,-1.45224)
12 6 5 (2.66912e-08,0.000435793)
12 6 6 (-1.70021,-0.240777)
12 8 -8 (0.0826732,-0.0133242)
12 8 -7 (1.99755e-08,6.1807e-05)
12 8 -6 (-0.056336,0.0149769)
12 8 -5 (1.92124e-09,6.88481e-06)
12 8 -4 (0.050688,0.00919131)
12 8 -3 (3.73375e-09,-1.32161e-05)
12 8 -2 (-0.0423347,-0.00365613)
12 8 -1 (1.18835e-09,-1.89415e-05)
12 8 0 (0.0584896,0)
12 8 1 (-1.18835e-09,-1.89415e-05)
12 8 2 (-0.0423347,0.00365613)
12 8 3 (-3.73375e-09,-1.32161e-05)
12 8 4 (0.050688,-0.00919131)
12 8 5 (-1.92124e-09,6.88481e-06)
12 8 6 (-0.056336,-0.0149769)
12 8 7 (-1.99755e-08,6.1807e-05)
12 8 8 (0.0826732,0.0133242)
12 10 -10 (-0.01018,0.0055882)
12 10 -9 (1.50802e-10,3.47269e-06)
12 10 -8 (0.00704688,0.0179998)
12 10 -7 (-1.48374e-09,-6.98762e-07)
12 10 -6 (-0.00930747,0.000324822)
12 10 -5 (-2.6034e-09,-1.64531e-06)
12 10 -4 (0.00248267,-0.0132502)
12 10 -3 (4.23037e-10,-1.63621e-06)
12 10 -2 (-0.01353,0.0128161)
12 10 -1 (1.01404e-09,-1.52062e-06)
12 10 0 (-0.00110159,0)
12 10 1 (-1.01404e-09,-1.52062e-06)
12 10 2 (-0.01353,-0.0128161)
12 10 3 (-4.23037e-10,-1.63621e-06)
12 10 4 (0.00248267,0.0132502)
12 10 5 (2.6034e-09,-1.64531e-06)
12 10 6 (-0.00930747,-0.000324822)
12 10 7 (1.48374e-09,-6.98762e-07)
12 10 8 (0.00704688,-0.0179998)
12 10 9 (-1.50802e-10,3.47269e-06)
12 10 10 (-0.01018,-0.0055882)
12 12 -12 (0.00100311,-7.87906e-06)
12 12 -11 (5.67719e-11,6.75902e-08)
12 12 -10 (-0.00068712,0.000119526)
12 12 -9 (-1.05376e-10,-3.34479e-08)
12 12 -8 (0.000813219,-4.42761e-05)
12 12 -7 (-7.7406e-11,-3.9159e-08)
12 12 -6 (-0.000227594,-4.26881e-05)
12 12 -5 (-2.28506e-10,-2.59969e-08)
12 12 -4 (0.000841807,3.31274e-05)
12 12 -3 (-4.31677e-10,-1.55015e-08)
12 12 -2 (-0.000624128,-9.27659e-05)
12 12 -1 (-2.34261e-10,-1.05413e-08)
12 12 0 (0.000274283,0)
12 12 1 (2.34261e-10,-1.05413e-08)
12 12 2 (-0.000624128,9.27659e-05)
12 12 3 (4.31677e-10,-1.55015e-08)
12 12 4 (0.000841807,-3.31274e-05)
12 12 5 (2.28506e-10,-2.59969e-08)
12 12 6 (-0.000227594,4.26881e-05)
12 12 7 (7.7406e-11,-3.9159e-08)
12 12 8 (0.000813219,4.42761e-05)
12 12 9 (1.05376e-10,-3.34479e-08)
12 12 10 (-0.00068712,-0.000119526)
12 12 11 (-5.67719e-11,6.75902e-08)
12 12 12 (0.00100311,7.87906e-06)
13 1 -1 (-9.47685e-09,-8.93524e-05)
13 1 0 (-0.147043,0)
13 1 1 (9.47685e-09,-8.93524e-05)
13 3 -3 (3.68883e-08,8.67728e-05)
13 3 -2 (0.0170429,0.00223213)
13 3 -1 (1.34316e-08,0.000118097)
13 3 0 (-0.0186134,0)
13 3 1 (-1.34316e-08,0.000118097)
13 3 2 (0.0170429,-0.00223213)
13 3 3 (-3.68883e-08,8.67728e-05)
13 5 -5 (-4.04494e-07,0.000139978)
13 5 -4 (0.0348318,0.0105142)
13 5 -3 (-1.69554e-06,0.000355705)
13 5 -2 (-0.00924495,0.0359712)
13 5 -1 (-1.2511e-06,0.000306783)
13 5 0 (0.0138317,0)
13 5 1 (1.2511e-06,0.000306783)
13 5 2 (-0.00924495,-0.0359712)
13 5 3 (1.69554e-06,0.000355705)
13 5 4 (0.0348318,-0.0105142)
13 5 5 (4.04494e-07,0.000139978)
13 7 -7 (2.32358e-07,4.87551e-05)
13 7 -6 (-0.0708786,-0.031322)
13 7 -5 (1.14508e-06,0.000116088)
13 7 -4 (-0.0816762,0.00852821)
13 7 -3 (1.68956e-06,4.67862e-05)
13 7 -2 (0.00405167,-0.00502327)
13 7 -1 (7.84518e-07,4.3093e-06)
13 7 0 (0.0397343,0)
13 7 1 (-7.84518e-07,4.3093e-06)
13 7 2 (0.00405167,0.00502327)
13 7 3 (-1.68956e-06,4.67862e-05)
13 7 4 (-0.0816762,-0.00852821)
13 7 5 (-1.14508e-06,0.000116088)
13 7 6 (-0.0708786,0.031322)
13 7 7 (-2.32358e-07,4.87551e-05)
13 9 -9 (-2.89605e-08,5.8237e-06)
13 9 -8 (-0.00177129,-0.000118691)
13 9 -7 (-8.43088e-09,1.29826e-05)
13 9 -6 (0.00337318,0.00469765)
13 9 -5 (2.03105e-08,-3.69983e-06)
13 9 -4 (0.00454172,0.00778324)
13 9 -3 (7.03716e-09,-1.32695e-05)
13 9 -2 (0.00279474,-0.00448558)
13 9 -1 (-1.49189e-08,-1.69864e-05)
13 9 0 (-0.0114606,0)
13 9 1 (1.49189e-08,-1.69864e-05)
13 9 2 (0.00279474,0.00448558)
13 9 3 (-7.03716e-09,-1.32695e-05)
13 9 4 (0.00454172,-0.00778324)
13 9 5 (-2.03105e-08,-3.69983e-06)
13 9 6 (0.00337318,-0.00469765)
13 9 7 (8.43088e-09,1.29826e-05)
13 9 8 (-0.00177129,0.000118691)
13 9 9 (2.89605e-08,5.8237e-06)
13 11 -11 (9.11851e-09,3.34326e-07)
13 11 -10 (0.000480326,-0.000295898)
13 11 -9 (2.70059e-08,5.47043e-07)
13 11 -8 (-0.000309805,0.000625782)
13 11 -7 (5.23089e-09,-6.81674e-07)
13 11 -6 (-0.000325345,0.000361316)
13 11 -5 (-1.53871e-08,-1.22014e-06)
13 11 -4 (-3.49682e-06,0.00162391)
13 11 -3 (5.59828e-09,-1.31397e-06)
13 11 -2 (-0.000107164,0.00275713)
13 11 -1 (9.29813e-09,-1.30323e-06)
13 11 0 (-2.64417e-05,0)
13 11 1 (-9.29813e-09,-1.30323e-06)
13 11 2 (-0.000107164,-0.00275713)
13 11 3 (-5.59828e-09,-1.31397e-06)
13 11 4 (-3.49682e-06,-0.00162391)
13 11 5 (1.53871e-08,-1.22014e-06)
13 11 6 (-0.000325345,-0.000361316)
13 11 7 (-5.23089e-09,-6.81674e-07)
13 11 8 (-0.000309805,-0.000625782)
13 11 9 (-2.70059e-08,5.47043e-07)
13 11 10 (0.000480326,0.000295898)
13 11 11 (-9.11851e-09,3.34326e-07)
13 13 -13 (-1.4332e-11,4.18102e-09)
13 13 -12 (-1.72998e-05,1.28221e-05)
13 13 -11 (1.99563e-10,8.82588e-09)
13 13 -10 (2.64112e-05,-3.54404e-06)
13 13 -9 (-3.83582e-11,-2.26041e-08)
13 13 -8 (4.0366e-05,3.42811e-05)
13 13 -7 (-7.66734e-11,-2.73778e-08)
13 13 -6 (-7.1726e-06,4.56978e-05)
13 13 -5 (1.85534e-11,-2.37719e-08)
13 13 -4 (3.73761e-06,-7.96181e-07)
13 13 -3 (-8.01118e-11,-1.70536e-08)
13 13 -2 (1.46985e-05,-4.76973e-05)
13 13 -1 (-7.60415e-11,-1.36279e-08)
13 13 0 (-5.74222e-05,0)
13 13 1 (7.60415e-11,-1.36279e-08)
13 13 2 (1.46985e-05,4.76973e-05)
13 13 3 (8.01118e-11,-1.70536e-08)
13 13 4 (3.73761e-06,7.96181e-07)
13 13 5 (-1.85534e-11,-2.37719e-08)
13 13 6 (-7.1726e-06,-4.56978e-05)
13 13 7 (7.66734e-11,-2.73778e-08)
13 13 8 (4.0366e-05,-3.42811e-05)
13 13 9 (3.83582e-11,-2.26041e-08)
13 13 10 (2.64112e-05,3.54404e-06)
13 13 11 (-1.99563e-10,8.82588e-09)
13 13 12 (-1.72998e-05,-1.28221e-05)
13 13 13 (1.4332e-11,4.18102e-09)
14 0 0 (-40.5649,0)
14 2 -2 (-0.617696,-0.0202016)
14 2 -1 (6.30171e-09,0.000555357)
14 2 0 (0.494729,0)
14 2 1 (-6.30171e-09,0.000555357)
14 2 2 (-0.617696,0.0202016)
14 4 -4 (-0.198584,0.032188)
14 4 -3 (-2.47724e-08,-0.000787555)
14 4 -2 (0.135565,0.0290543)
14 4 -1 (-2.48696e-08,-0.000614849)
14 4 0 (-0.146682,0)
14 4 1 (2.48696e-08,-0.000614849)
14 4 2 (0.135565,-0.0290543)
14 4 3 (2.47724e-08,-0.000787555)
14 4 4 (-0.198584,-0.032188)
14 6 -6 (0.789185,-0.0898513)
14 6 -5 (4.23889e-08,-0.000759876)
14 6 -4 (-0.521815,-0.679045)
14 6 -3 (1.91626e-08,-0.000339644)
14 6 -2 (0.57681,-1.01699)
14 6 -1 (1.53943e-08,-0.000168429)
14 6 0 (-0.598159,0)
14 6 1 (-1.53943e-08,-0.000168429)
14 6 2 (0.57681,1.01699)
14 6 3 (-1.91626e-08,-0.000339644)
14 6 4 (-0.521815,0.679045)
14 6 5 (-4.23889e-08,-0.000759876)
14 6 6 (0.789185,0.0898513)
14 8 -8 (-0.125735,0.0238269)
14 8 -7 (-3.61079e-08,-0.000180021)
14 8 -6 (0.0821693,-0.0426755)
14 8 -5 (-5.6057e-09,-2.09376e-05)
14 8 -4 (-0.0729256,-0.0261273)
14 8 -3 (-5.33924e-09,3.75183e-05)
14 8 -2 (0.0585015,0.01768)
14 8 -1 (2.4234e-09,5.42437e-05)
14 8 0 (-0.0963745,0)
14 8 1 (-2.4234e-09,5.42437e-05)
14 8 2 (0.0585015,-0.01768)
14 8 3 (5.33924e-09,3.75183e-05)
14 8 4 (-0.0729256,0.0261273)
14 8 5 (5.6057e-09,-2.09376e-05)
14 8 6 (0.0821693,0.0426755)
14 8 7 (3.61079e-08,-0.000180021)
14 8 8 (-0.125735,-0.0238269)
14 10 -10 (0.0270921,-0.0256977)
14 10 -9 (3.52845e-10,-1.77195e-05)
14 10 -8 (-0.0181954,-0.081774)
14 10 -7 (4.8931e-09,3.48255e-06)
14 10 -6 (0.0289599,-0.00115468)
14 10 -5 (9.025e-09,8.32478e-06)
14 10 -4 (-0.000325542,0.0602081)
14 10 -3 (-4.34306e-09,8.30428e-06)
14 10 -2 (0.0484609,-0.0574994)
14 10 -1 (-5.81032e-09,7.7271e-06)
14 10 0 (0.0151347,0)
14 10 1 (5.81032e-09,7.7271e-06)
14 10 2 (0.0484609,0.0574994)
14 10 3 (4.34306e-09,8.30428e-06)
14 10 4 (-0.000325542,-0.0602081)
14 10 5 (-9.025e-09,8.32478e-06)
14 10 6 (0.0289599,0.00115468)
14 10 7 (-4.8931e-09,3.48255e-06)
14 10 8 (-0.0181954,0.081774)
14 10 9 (-3.52845e-10,-1.77195e-05)
14 10 10 (0.0270921,0.0256977)
14 12 -12 (-0.00757662,-3.52177e-05)
14 12 -11 (-5.13842e-10,-7.79881e-07)
14 12 -10 (0.00511358,-0.00142933)
14 12 -9 (8.83709e-10,3.82251e-07)
14 12 -8 (-0.00673498,0.000501651)
14 12 -7 (6.25984e-10,4.49776e-07)
14 12 -6 (0.000548437,0.000536426)
14 12 -5 (2.10341e-09,2.99993e-07)
14 12 -4 (-0.0072169,-0.000507316)
14 12 -3 (4.02753e-09,1.80189e-07)
14 12 -2 (0.0049146,0.00105594)
14 12 -1 (2.19705e-09,1.23528e-07)
14 12 0 (-0.00112453,0)
14 12 1 (-2.19705e-09,1.23528e-07)
14 12 2 (0.0049146,-0.00105594)
14 12 3 (-4.02753e-09,1.80189e-07)
14 12 4 (-0.0072169,0.000507316)
14 12 5 (-2.10341e-09,2.99993e-07)
14 12 6 (0.000548437,-0.000536426)
14 12 7 (-6.25984e-10,4.49776e-07)
14 12 8 (-0.00673498,-0.000501651)
14 12 9 (-8.83709e-10,3.82251e-07)
14 12 10 (0.00511358,0.00142933)
14 12 11 (5.13842e-10,-7.79881e-07)
14 12 12 (-0.00757662,3.52177e-05)
14 14 -14 (0.000465544,-2.08562e-05)
14 14 -13 (2.41142e-11,-1.26252e-08)
14 14 -12 (-0.000339943,1.39354e-05)
14 14 -11 (-3.93261e-12,9.60767e-09)
14 14 -10 (0.000308038,-1.62829e-05)
14 14 -9 (5.36113e-11,6.8953e-09)
14 14 -8 (-0.000263163,5.9889e-06)
14 14 -7 (8.22458e-11,2.07982e-09)
14 14 -6 (0.000266602,-1.70196e-05)
14 14 -5 (2.64785e-11,-6.37185e-10)
14 14 -4 (-0.000262088,1.42739e-05)
14 14 -3 (-5.64299e-11,-1.71338e-09)
14 14 -2 (0.000250301,-1.68634e-06)
14 14 -1 (-4.22865e-11,-1.94075e-09)
14 14 0 (-0.000269901,0)
14 14 1 (4.22865e-11,-1.94075e-09)
14 14 2 (0.000250301,1.68634e-06)
14 14 3 (5.64299e-11,-1.71338e-09)
14 14 4 (-0.000262088,-1.42739e-05)
14 14 5 (-2.64785e-11,-6.37185e-10)
14 14 6 (0.000266602,1.70196e-05)
14 14 7 (-8.22458e-11,2.07982e-09)
14 14 8 (-0.000263163,-5.9889e-06)
14 14 9 (-5.36113e-11,6.8953e-09)
14 14 10 (0.000308038,1.62829e-05)
14 14 11 (3.93261e-12,9.60767e-09)
14 14 12 (-0.000339943,-1.39354e-05)
14 14 13 (-2.41142e-11,-1.26252e-08)
14 14 14 (0.000465544,2.08562e-05)
15 1 -1 (2.81746e-08,9.38083e-05)
15 1 0 (0.0739275,0)
15 1 1 (-2.81746e-08,9.38083e-05)
15 3 -3 (-7.55444e-08,-1.53731e-05)
15 3 -2 (-0.011975,0.0127829)
15 3 -1 (-3.83838e-08,7.54443e-05)
15 3 0 (0.0157938,0)
15 3 1 (3.83838e-08,7.54443e-05)
15 3 2 (-0.011975,-0.0127829)
15 3 3 (7.55444e-08,-1.53731e-05)
15 5 -5 (-1.34093e-08,-0.000176902)
15 5 -4 (0.00212536,-0.0101058)
15 5 -3 (1.28876e-08,-0.000386541)
15 5 -2 (0.0407085,-0.026194)
15 5 -1 (3.52533e-08,-0.000328791)
15 5 0 (0.0441063,0)
15 5 1 (-3.52533e-08,-0.000328791)
15 5 2 (0.0407085,0.026194)
15 5 3 (-1.28876e-08,-0.000386541)
15 5 4 (0.00212536,0.0101058)
15 5 5 (1.34093e-08,-0.000176902)
15 7 -7 (2.29772e-08,-9.75652e-05)
15 7 -6 (0.106616,0.0354808)
15 7 -5 (1.06893e-07,-0.000226851)
15 7 -4 (0.114812,-0.0137804)
15 7 -3 (8.51574e-09,-8.69602e-05)
15 7 -2 (-0.00126283,-0.000748051)
15 7 -1 (-3.05477e-08,-4.64064e-06)
15 7 0 (-0.0783805,0)
15 7 1 (3.05477e-08,-4.64064e-06)
15 7 2 (-0.00126283,0.000748051)
15 7 3 (-8.51574e-09,-8.69602e-05)
15 7 4 (0.114812,0.0137804)
15 7 5 (-1.06893e-07,-0.000226851)
15 7 6 (0.106616,-0.0354808)
15 7 7 (-2.29772e-08,-9.75652e-05)
15 9 -9 (8.36462e-08,-1.93101e-05)
15 9 -8 (0.00432261,-0.00113882)
15 9 -7 (6.91928e-08,-4.06078e-05)
15 9 -6 (-0.00775704,-0.0107894)
15 9 -5 (-7.03983e-08,1.23041e-05)
15 9 -4 (-0.012087,-0.0187941)
15 9 -3 (-2.59325e-08,4.2766e-05)
15 9 -2 (-0.00739983,0.0123975)
15 9 -1 (6.97557e-08,5.44855e-05)
15 9 0 (0.0305586,0)
15 9 1 (-6.97557e-08,5.44855e-05)
15 9 2 (-0.00739983,-0.0123975)
15 9 3 (2.59325e-08,4.2766e-05)
15 9 4 (-0.012087,0.0187941)
15 9 5 (7.03983e-08,1.23041e-05)
15 9 6 (-0.00775704,0.0107894)
15 9 7 (-6.91928e-08,-4.06078e-05)
15 9 8 (0.00432261,0.00113882)
15 9 9 (-8.36462e-08,-1.93101e-05)
15 11 -11 (-4.3272e-08,-1.82945e-06)
15 11 -10 (-0.00229741,0.00123026)
15 11 -9 (-1.25814e-07,-2.98049e-06)
15 11 -8 (0.00143111,-0.00253446)
15 11 -7 (-2.48006e-08,3.80274e-06)
15 11 -6 (0.0012481,-0.00163032)
15 11 -5 (7.24057e-08,6.71724e-06)
15 11 -4 (-6.31194e-05,-0.00734943)
15 11 -3 (-2.5566e-08,7.24995e-06)
15 11 -2 (0.000396242,-0.0121492)
15 11 -1 (-4.39291e-08,7.18327e-06)
15 11 0 (0.000308744,0)
15 11 1 (4.39291e-08,7.18327e-06)
15 11 2 (0.000396242,0.0121492)
15 11 3 (2.5566e-08,7.24995e-06)
15 11 4 (-6.31194e-05,0.00734943)
15 11 5 (-7.24057e-08,6.71724e-06)
15 11 6 (0.0012481,0.00163032)
15 11 7 (2.48006e-08,3.80274e-06)
15 11 8 (0.00143111,0.00253446)
15 11 9 (1.25814e-07,-2.98049e-06)
15 11 10 (-0.00229741,-0.00123026)
15 11 11 (4.3272e-08,-1.82945e-06)
15 13 -13 (-4.65831e-11,-6.03212e-08)
15 13 -12 (0.000169617,-0.000120316)
15 13 -11 (-2.55245e-09,-1.02116e-07)
15 13 -10 (-0.0002573,2.4233e-05)
15 13 -9 (4.61111e-10,2.7575e-07)
15 13 -8 (-0.000406547,-0.000377398)
15 13 -7 (9.94956e-10,3.39319e-07)
15 13 -6 (0.000107364,-0.000499616)
15 13 -5 (-3.61694e-10,2.9052e-07)
15 13 -4 (-1.22287e-05,2.56374e-05)
15 13 -3 (8.38674e-10,2.108e-07)
15 13 -2 (-0.000149624,0.00048145)
15 13 -1 (9.10231e-10,1.67694e-07)
15 13 0 (0.000551755,0)
15 13 1 (-9.10231e-10,1.67694e-07)
15 13 2 (-0.000149624,-0.00048145)
15 13 3 (-8.38674e-10,2.108e-07)
15 13 4 (-1.22287e-05,-2.56374e-05)
15 13 5 (3.61694e-10,2.9052e-07)
15 13 6 (0.000107364,0.000499616)
15 13 7 (-9.94956e-10,3.39319e-07)
15 13 8 (-0.000406547,0.000377398)
15 13 9 (-4.61111e-10,2.7575e-07)
15 13 10 (-0.0002573,-2.4233e-05)
15 13 11 (2.55245e-09,-1.02116e-07)
15 13 12 (0.000169617,0.000120316)
15 13 13 (4.65831e-11,-6.03212e-08)
15 15 -15 (-4.3471e-11,-2.16274e-09)
15 15 -14 (-0.000156747,-1.77841e-05)
15 15 -13 (2.49917e-11,-3.14327e-10)
15 15 -12 (-2.78595e-05,-6.74432e-05)
15 15 -11 (-2.59242e-11,5.14128e-09)
15 15 -10 (0.000102137,-0.000120796)
15 15 -9 (3.64081e-12,5.47836e-09)
15 15 -8 (-9.83335e-05,-3.53536e-05)
15 15 -7 (-2.26838e-11,2.26074e-09)
15 15 -6 (1.40412e-05,7.91077e-05)
15 15 -5 (8.25275e-12,3.76899e-10)
15 15 -4 (-3.89006e-05,2.99535e-05)
15 15 -3 (9.50411e-12,-1.36174e-09)
15 15 -2 (-0.000163367,-7.98228e-05)
15 15 -1 (-1.60763e-12,-1.87228e-09)
15 15 0 (-1.10083e-05,0)
15 15 1 (1.60763e-12,-1.87228e-09)
15 15 2 (-0.000163367,7.98228e-05)
15 15 3 (-9.50411e-12,-1.36174e-09)
15 15 4 (-3.89006e-05,-2.99535e-05)
15 15 5 (-8.25275e-12,3.76899e-10)
15 15 6 (1.40412e-05,-7.91077e-05)
15 15 7 (2.26838e-11,2.26074e-09)
15 15 8 (-9.83335e-05,3.53536e-05)
15 15 9 (-3.64081e-12,5.47836e-09)
15 15 10 (0.000102137,0.000120796)
15 15 11 (2.59242e-11,5.14128e-09)
15 15 12 (-2.78595e-05,6.74432e-05)
15 15 13 (-2.49917e-11,-3.14327e-10)
15 15 14 (-0.000156747,1.77841e-05)
15 15 15 (4.3471e-11,-2.16274e-09)
16 0 0 (11.2824,0)
16 2 -2 (0.235049,0.0227875)
16 2 -1 (-1.50582e-08,-0.000572274)
16 2 0 (-0.146355,0)
16 2 1 (1.50582e-08,-0.000572274)
16 2 2 (0.235049,-0.0227875)
16 4 -4 (-0.127414,-0.0304511)
16 4 -3 (3.10953e-08,0.000282882)
16 4 -2 (0.107479,-0.0366388)
16 4 -1 (2.08657e-08,0.00022947)
16 4 0 (-0.0594948,0)
16 4 1 (-2.08657e-08,0.00022947)
16 4 2 (0.107479,0.0366388)
16 4 3 (-3.10953e-08,0.000282882)
16 4 4 (-0.127414,0.0304511)
16 6 -6 (1.40669,-0.256965)
16 6 -5 (-4.0917e-08,0.00102199)
16 6 -4 (-1.08472,-1.23289)
16 6 -3 (-2.3027e-09,0.000463827)
16 6 -2 (0.923694,-1.62846)
16 6 -1 (-4.67313e-09,0.000235558)
16 6 0 (-0.835082,0)
16 6 1 (4.67313e-09,0.000235558)
16 6 2 (0.923694,1.62846)
16 6 3 (2.3027e-09,0.000463827)
16 6 4 (-1.08472,1.23289)
16 6 5 (4.0917e-08,0.00102199)
16 6 6 (1.40669,0.256965)
16 8 -8 (0.0972267,-0.0237913)
16 8 -7 (3.97852e-08,0.000397112)
16 8 -6 (-0.0559597,0.0885331)
16 8 -5 (1.21453e-08,4.86113e-05)
16 8 -4 (0.0453883,0.0538124)
16 8 -3 (3.87252e-09,-8.00675e-05)
16 8 -2 (-0.0316251,-0.0496168)
16 8 -1 (-1.43965e-08,-0.000117101)
16 8 0 (0.094798,0)
16 8 1 (1.43965e-08,-0.000117101)
16 8 2 (-0.0316251,0.0496168)
16 8 3 (-3.87252e-09,-8.00675e-05)
16 8 4 (0.0453883,-0.0538124)
16 8 5 (-1.21453e-08,4.86113e-05)
16 8 6 (-0.0559597,-0.0885331)
16 8 7 (-3.97852e-08,0.000397112)
16 8 8 (0.0972267,0.0237913)
16 10 -10 (-0.0330836,0.0773464)
16 10 -9 (-3.94555e-09,6.16544e-05)
16 10 -8 (0.0198069,0.243603)
16 10 -7 (-9.62244e-09,-1.17694e-05)
16 10 -6 (-0.0525604,0.00243567)
16 10 -5 (-1.89113e-08,-2.86699e-05)
16 10 -4 (-0.0252932,-0.179438)
16 10 -3 (2.058e-08,-2.87071e-05)
16 10 -2 (-0.109892,0.169235)
16 10 -1 (2.12269e-08,-2.67538e-05)
16 10 0 (-0.0681473,0)
16 10 1 (-2.12269e-08,-2.67538e-05)
16 10 2 (-0.109892,-0.169235)
16 10 3 (-2.058e-08,-2.87071e-05)
16 10 4 (-0.0252932,0.179438)
16 10 5 (1.89113e-08,-2.86699e-05)
16 10 6 (-0.0525604,-0.00243567)
16 10 7 (9.62244e-09,-1.17694e-05)
16 10 8 (0.0198069,-0.243603)
16 10 9 (3.94555e-09,6.16544e-05)
16 10 10 (-0.0330836,-0.0773464)
16 12 -12 (0.025927,0.000778921)
16 12 -11 (2.30246e-09,4.62294e-06)
16 12 -10 (-0.017031,0.00840837)
16 12 -9 (-3.55562e-09,-2.24011e-06)
16 12 -8 (0.0268996,-0.00282032)
16 12 -7 (-2.2789e-09,-2.65224e-06)
16 12 -6 (0.00571248,-0.00327097)
16 12 -5 (-9.35518e-09,-1.77883e-06)
16 12 -4 (0.0302701,0.00350846)
16 12 -3 (-1.85792e-08,-1.07761e-06)
16 12 -2 (-0.0181019,-0.00596631)
16 12 -1 (-1.02332e-08,-7.45582e-07)
16 12 0 (-0.00230899,0)
16 12 1 (1.02332e-08,-7.45582e-07)
16 12 2 (-0.0181019,0.00596631)
16 12 3 (1.85792e-08,-1.07761e-06)
16 12 4 (0.0302701,-0.00350846)
16 12 5 (9.35518e-09,-1.77883e-06)
16 12 6 (0.00571248,0.00327097)
16 12 7 (2.2789e-09,-2.65224e-06)
16 12 8 (0.0268996,0.00282032)
16 12 9 (3.55562e-09,-2.24011e-06)
16 12 10 (-0.017031,-0.00840837)
16 12 11 (-2.30246e-09,4.62294e-06)
16 12 12 (0.025927,-0.000778921)
16 14 -14 (-0.00421707,0.000211842)
16 14 -13 (-1.80398e-10,1.66066e-07)
16 14 -12 (0.00306746,-0.000164464)
16 14 -11 (1.94603e-10,-1.25797e-07)
16 14 -10 (-0.00281965,0.000189906)
16 14 -9 (-3.77958e-10,-9.07434e-08)
16 14 -8 (0.00233557,-5.28841e-05)
16 14 -7 (-9.2387e-10,-2.81212e-08)
16 14 -6 (-0.00241439,0.000170602)
16 14 -5 (-4.20121e-10,7.53529e-09)
16 14 -4 (0.00239649,-0.000148111)
16 14 -3 (6.3378e-10,2.14063e-08)
16 14 -2 (-0.00225098,6.40588e-06)
16 14 -1 (5.37721e-10,2.46153e-08)
16 14 0 (0.00245032,0)
16 14 1 (-5.37721e-10,2.46153e-08)
16 14 2 (-0.00225098,-6.40588e-06)
16 14 3 (-6.3378e-10,2.14063e-08)
16 14 4 (0.00239649,0.000148111)
16 14 5 (4.20121e-10,7.53529e-09)
16 14 6 (-0.00241439,-0.000170602)
16 14 7 (9.2387e-10,-2.81212e-08)
16 14 8 (0.00233557,5.28841e-05)
16 14 9 (3.77958e-10,-9.07434e-08)
16 14 10 (-0.00281965,-0.000189906)
16 14 11 (-1.94603e-10,-1.25797e-07)
16 14 12 (0.00306746,0.000164464)
16 14 13 (1.80398e-10,1.66066e-07)
16 14 14 (-0.00421707,-0.000211842)
16 16 -16 (0.000100895,-6.65766e-05)
16 16 -15 (-3.81745e-11,2.66599e-09)
16 16 -14 (-0.000144475,-0.000110052)
16 16 -13 (-1.38341e-10,-2.26734e-09)
16 16 -12 (-8.72405e-05,8.34747e-05)
16 16 -11 (-2.46509e-10,-1.15574e-09)
16 16 -10 (-0.000168109,-4.02183e-05)
16 16 -9 (-1.16058e-10,3.26941e-10)
16 16 -8 (0.000155734,-0.00010648)
16 16 -7 (1.04139e-10,5.79761e-10)
16 16 -6 (1.80897e-05,-2.76375e-05)
16 16 -5 (1.01609e-10,5.12628e-10)
16 16 -4 (-5.15772e-05,-0.000216058)
16 16 -3 (-7.75723e-11,5.51285e-10)
16 16 -2 (-8.94477e-05,-5.1406e-05)
16 16 -1 (-8.1421e-11,3.80264e-10)
16 16 0 (0.000175766,0)
16 16 1 (8.1421e-11,3.80264e-10)
16 16 2 (-8.94477e-05,5.1406e-05)
16 16 3 (7.75723e-11,5.51285e-10)
16 16 4 (-5.15772e-05,0.000216058)
16 16 5 (-1.01609e-10,5.12628e-10)
16 16 6 (1.80897e-05,2.76375e-05)
16 16 7 (-1.04139e-10,5.79761e-10)
16 16 8 (0.000155734,0.00010648)
16 16 9 (1.16058e-10,3.26941e-10)
16 16 10 (-0.000168109,4.02183e-05)
16 16 11 (2.46509e-10,-1.15574e-09)
16 16 12 (-8.72405e-05,-8.34747e-05)
16 16 13 (1.38341e-10,-2.26734e-09)
16 16 14 (-0.000144475,0.000110052)
16 16 15 (3.81745e-11,2.66599e-09)
16 16 16 (0.000100895,6.65766e-05)
17 1 -1 (-1.87542e-08,-2.20599e-05)
17 1 0 (0.0766652,0)
17 1 1 (1.87542e-08,-2.20599e-05)
17 3 -3 (5.43025e-08,-6.79575e-05)
17 3 -2 (0.000504647,-0.0117895)
17 3 -1 (3.26136e-08,-0.000221638)
17 3 0 (-0.0108696,0)
17 3 1 (-3.26136e-08,-0.000221638)
17 3 2 (0.000504647,0.0117895)
17 3 3 (-5.43025e-08,-6.79575e-05)
17 5 -5 (8.52706e-07,0.000166488)
17 5 -4 (-0.0492048,0.00674612)
17 5 -3 (3.39383e-06,0.000276793)
17 5 -2 (-0.0842306,0.011982)
17 5 -1 (2.43623e-06,0.000228142)
17 5 0 (-0.118663,0)
17 5 1 (-2.43623e-06,0.000228142)
17 5 2 (-0.0842306,-0.011982)
17 5 3 (-3.39383e-06,0.000276793)
17 5 4 (-0.0492048,-0.00674612)
17 5 5 (-8.52706e-07,0.000166488)
17 7 -7 (-5.31138e-07,0.000157493)
17 7 -6 (-0.111692,-0.0186657)
17 7 -5 (-2.57309e-06,0.000345263)
17 7 -4 (-0.110832,0.0155934)
17 7 -3 (-3.40911e-06,0.00012462)
17 7 -2 (-0.00698393,0.0114875)
17 7 -1 (-1.48473e-06,-1.17598e-06)
17 7 0 (0.114599,0)
17 7 1 (1.48473e-06,-1.17598e-06)
17 7 2 (-0.00698393,-0.0114875)
17 7 3 (3.40911e-06,0.00012462)
17 7 4 (-0.110832,-0.0155934)
17 7 5 (2.57309e-06,0.000345263)
17 7 6 (-0.111692,0.0186657)
17 7 7 (5.31138e-07,0.000157493)
17 9 -9 (-1.87686e-07,4.86943e-05)
17 9 -8 (-0.00798725,0.00556727)
17 9 -7 (-2.58834e-07,9.60812e-05)
17 9 -6 (0.0119144,0.0175583)
17 9 -5 (1.7522e-07,-3.13798e-05)
17 9 -4 (0.0237868,0.0326939)
17 9 -3 (7.37813e-08,-0.000104809)
17 9 -2 (0.0146573,-0.0256947)
17 9 -1 (-2.07432e-07,-0.000132843)
17 9 0 (-0.0591813,0)
17 9 1 (2.07432e-07,-0.000132843)
17 9 2 (0.0146573,0.0256947)
17 9 3 (-7.37813e-08,-0.000104809)
17 9 4 (0.0237868,-0.0326939)
17 9 5 (-1.7522e-07,-3.13798e-05)
17 9 6 (0.0119144,-0.0175583)
17 9 7 (2.58834e-07,9.60812e-05)
17 9 8 (-0.00798725,-0.00556727)
17 9 9 (1.87686e-07,4.86943e-05)
17 11 -11 (1.31509e-07,6.89046e-06)
17 11 -10 (0.00714657,-0.00333409)
17 11 -9 (3.76736e-07,1.09969e-05)
17 11 -8 (-0.00439786,0.00661405)
17 11 -7 (7.71411e-08,-1.44569e-05)
17 11 -6 (-0.00321046,0.00481929)
17 11 -5 (-2.20334e-07,-2.52224e-05)
17 11 -4 (0.000323081,0.0215916)
17 11 -3 (7.51481e-08,-2.72556e-05)
17 11 -2 (-0.00102835,0.0351205)
17 11 -1 (1.35635e-07,-2.69849e-05)
17 11 0 (-0.00131148,0)
17 11 1 (-1.35635e-07,-2.69849e-05)
17 11 2 (-0.00102835,-0.0351205)
17 11 3 (-7.51481e-08,-2.72556e-05)
17 11 4 (0.000323081,-0.0215916)
17 11 5 (2.20334e-07,-2.52224e-05)
17 11 6 (-0.00321046,-0.00481929)
17 11 7 (-7.71411e-08,-1.44569e-05)
17 11 8 (-0.00439786,-0.00661405)
17 11 9 (-3.76736e-07,1.09969e-05)
17 11 10 (0.00714657,0.00333409)
17 11 11 (-1.31509e-07,6.89046e-06)
17 13 -13 (1.2964e-09,4.2771e-07)
17 13 -12 (-0.000816842,0.000546837)
17 13 -11 (1.58259e-08,6.07384e-07)
17 13 -10 (0.00125089,-2.31874e-05)
17 13 -9 (-2.75681e-09,-1.73007e-06)
17 13 -8 (0.0020235,0.00206991)
17 13 -7 (-6.22634e-09,-2.15282e-06)
17 13 -6 (-0.000699711,0.00272495)
17 13 -5 (2.83872e-09,-1.82212e-06)
17 13 -4 (-7.71367e-05,-0.000216281)
17 13 -3 (-4.32439e-09,-1.3348e-06)
17 13 -2 (0.000744784,-0.00239749)
17 13 -1 (-5.33422e-09,-1.0594e-06)
17 13 0 (-0.00261483,0)
17 13 1 (5.33422e-09,-1.0594e-06)
17 13 2 (0.000744784,0.00239749)
17 13 3 (4.32439e-09,-1.3348e-06)
17 13 4 (-7.71367e-05,0.000216281)
17 13 5 (-2.83872e-09,-1.82212e-06)
17 13 6 (-0.000699711,-0.00272495)
17 13 7 (6.22634e-09,-2.15282e-06)
17 13 8 (0.0020235,-0.00206991)
17 13 9 (2.75681e-09,-1.73007e-06)
17 13 10 (0.00125089,2.31874e-05)
17 13 11 (-1.58259e-08,6.07384e-07)
17 13 12 (-0.000816842,-0.000546837)
17 13 13 (-1.2964e-09,4.2771e-07)
17 15 -15 (6.18647e-10,2.5924e-08)
17 15 -14 (0.00191885,0.00021686)
17 15 -13 (-8.88612e-11,6.53499e-09)
17 15 -12 (0.000326631,0.000839606)
17 15 -11 (1.5755e-10,-7.42562e-08)
17 15 -10 (-0.00124855,0.00148466)
17 15 -9 (1.2358e-10,-7.49539e-08)
17 15 -8 (0.0012204,0.00043101)
17 15 -7 (4.4206e-10,-3.24307e-08)
17 15 -6 (-0.000159225,-0.000981791)
17 15 -5 (1.37153e-10,-4.38118e-09)
17 15 -4 (0.000460497,-0.000382987)
17 15 -3 (2.49279e-10,1.83523e-08)
17 15 -2 (0.00200877,0.000985491)
17 15 -1 (7.21907e-11,2.64752e-08)
17 15 0 (0.000123061,0)
17 15 1 (-7.21907e-11,2.64752e-08)
17 15 2 (0.00200877,-0.000985491)
17 15 3 (-2.49279e-10,1.83523e-08)
17 15 4 (0.000460497,0.000382987)
17 15 5 (-1.37153e-10,-4.38118e-09)
17 15 6 (-0.000159225,0.000981791)
17 15 7 (-4.4206e-10,-3.24307e-08)
17 15 8 (0.0012204,-0.00043101)
17 15 9 (-1.2358e-10,-7.49539e-08)
17 15 10 (-0.00124855,-0.00148466)
17 15 11 (-1.5755e-10,-7.42562e-08)
17 15 12 (0.000326631,-0.000839606)
17 15 13 (8.88612e-11,6.53499e-09)
17 15 14 (0.00191885,-0.00021686)
17 15 15 (-6.18647e-10,2.5924e-08)
17 17 -17 (-1.56426e-10,-6.80883e-12)
17 17 -16 (-1.44133e-06,1.95198e-06)
17 17 -15 (-2.49738e-10,3.70855e-10)
17 17 -14 (7.12999e-07,-3.4142e-07)
17 17 -13 (1.45964e-10,-1.06768e-09)
17 17 -12 (-2.75304e-06,2.48438e-06)
17 17 -11 (-4.5496e-11,-4.15289e-10)
17 17 -10 (-6.99913e-07,-3.7451e-06)
17 17 -9 (-2.11531e-10,-1.35613e-10)
17 17 -8 (-1.23913e-06,-3.76272e-06)
17 17 -7 (-1.16403e-10,4.88085e-10)
17 17 -6 (-3.0299e-06,2.28947e-06)
17 17 -5 (-3.48021e-10,9.6826e-10)
17 17 -4 (-3.64299e-06,-3.13597e-06)
17 17 -3 (-2.74745e-10,1.18744e-09)
17 17 -2 (-5.26009e-07,8.36667e-07)
17 17 -1 (-5.58611e-11,9.30346e-10)
17 17 0 (1.10933e-05,0)
17 17 1 (5.58611e-11,9.30346e-10)
17 17 2 (-5.26009e-07,-8.36667e-07)
17 17 3 (2.74745e-10,1.18744e-09)
17 17 4 (-3.64299e-06,3.13597e-06)
17 17 5 (3.48021e-10,9.6826e-10)
17 17 6 (-3.0299e-06,-2.28947e-06)
17 17 7 (1.16403e-10,4.88085e-10)
17 17 8 (-1.23913e-06,3.76272e-06)
17 17 9 (2.11531e-10,-1.35613e-10)
17 17 10 (-6.99913e-07,3.7451e-06)
17 17 11 (4.5496e-11,-4.15289e-10)
17 17 12 (-2.75304e-06,-2.48438e-06)
17 17 13 (-1.45964e-10,-1.06768e-09)
17 17 14 (7.12999e-07,3.4142e-07)
17 17 15 (2.49738e-10,3.70855e-10)
17 17 16 (-1.44133e-06,-1.95198e-06)
17 17 17 (1.56426e-10,-6.80883e-12)
18 0 0 (24.3466,0)
18 2 -2 (0.287107,-0.0028325)
18 2 -1 (6.53044e-09,0.000194436)
18 2 0 (-0.275676,0)
18 2 1 (-6.53044e-09,0.000194436)
18 2 2 (0.287107,0.0028325)
18 4 -4 (0.34458,0.00859337)
18 4 -3 (-1.32986e-08,0.000360432)
18 4 -2 (-0.261624,0.0131889)
18 4 -1 (-6.768e-09,0.000267924)
18 4 0 (0.199368,0)
18 4 1 (6.768e-09,0.000267924)
18 4 2 (-0.261624,-0.0131889)
18 4 3 (1.32986e-08,0.000360432)
18 4 4 (0.34458,-0.00859337)
18 6 -6 (-3.32998,0.549192)
18 6 -5 (6.82548e-09,-0.00103898)
18 6 -4 (2.47422,2.93424)
18 6 -3 (-1.62879e-08,-0.000483099)
18 6 -2 (-2.2577,4.01449)
18 6 -1 (-1.12225e-08,-0.000254375)
18 6 0 (2.12198,0)
18 6 1 (1.12225e-08,-0.000254375)
18 6 2 (-2.2577,-4.01449)
18 6 3 (1.62879e-08,-0.000483099)
18 6 4 (2.47422,-2.93424)
18 6 5 (-6.82548e-09,-0.00103898)
18 6 6 (-3.32998,-0.549192)
18 8 -8 (0.0215117,0.00116054)
18 8 -7 (-1.95058e-08,-0.00069632)
18 8 -6 (-0.0293093,-0.138451)
18 8 -5 (-1.97914e-08,-9.06342e-05)
18 8 -4 (0.0399518,-0.0828147)
18 8 -3 (2.03317e-10,0.000134357)
18 8 -2 (-0.0401365,0.0952178)
18 8 -1 (3.42676e-08,0.000199606)
18 8 0 (-0.0356161,0)
18 8 1 (-3.42676e-08,0.000199606)
18 8 2 (-0.0401365,-0.0952178)
18 8 3 (-2.03317e-10,0.000134357)
18 8 4 (0.0399518,0.0828147)
18 8 5 (1.97914e-08,-9.06342e-05)
18 8 6 (-0.0293093,0.138451)
18 8 7 (1.95058e-08,-0.00069632)
18 8 8 (0.0215117,-0.00116054)
18 10 -10 (-0.00890598,-0.168063)
18 10 -9 (1.47739e-08,-0.000163226)
18 10 -8 (0.0153394,-0.524822)
18 10 -7 (1.1568e-08,3.00459e-05)
18 10 -6 (0.0545361,-0.00288411)
18 10 -5 (2.44925e-08,7.49547e-05)
18 10 -4 (0.0953114,0.386923)
18 10 -3 (-6.19611e-08,7.53996e-05)
18 10 -2 (0.171252,-0.360431)
18 10 -1 (-5.52854e-08,7.04106e-05)
18 10 0 (0.178009,0)
18 10 1 (5.52854e-08,7.04106e-05)
18 10 2 (0.171252,0.360431)
18 10 3 (6.19611e-08,7.53996e-05)
18 10 4 (0.0953114,-0.386923)
18 10 5 (-2.44925e-08,7.49547e-05)
18 10 6 (0.0545361,0.00288411)
18 10 7 (-1.1568e-08,3.00459e-05)
18 10 8 (0.0153394,0.524822)
18 10 9 (-1.47739e-08,-0.000163226)
18 10 10 (-0.00890598,0.168063)
18 12 -12 (-0.0483465,-0.00471561)
18 12 -11 (-6.73182e-09,-1.8673e-05)
18 12 -10 (0.0297113,-0.0323873)
18 12 -9 (8.76809e-09,8.92608e-06)
18 12 -8 (-0.0679183,0.0104478)
18 12 -7 (4.23209e-09,1.06483e-05)
18 12 -6 (-0.0455455,0.0129405)
18 12 -5 (2.60684e-08,7.18865e-06)
18 12 -4 (-0.082112,-0.0152223)
18 12 -3 (5.58043e-08,4.39824e-06)
18 12 -2 (0.0396014,0.0222016)
18 12 -1 (3.12176e-08,3.07491e-06)
18 12 0 (0.0326977,0)
18 12 1 (-3.12176e-08,3.07491e-06)
18 12 2 (0.0396014,-0.0222016)
18 12 3 (-5.58043e-08,4.39824e-06)
18 12 4 (-0.082112,0.0152223)
18 12 5 (-2.60684e-08,7.18865e-06)
18 12 6 (-0.0455455,-0.0129405)
18 12 7 (-4.23209e-09,1.06483e-05)
18 12 8 (-0.0679183,-0.0104478)
18 12 9 (-8.76809e-09,8.92608e-06)
18 12 10 (0.0297113,0.0323873)
18 12 11 (6.73182e-09,-1.8673e-05)
18 12 12 (-0.0483465,0.00471561)
18 14 -14 (0.0182736,-0.00105339)
18 14 -13 (4.21282e-10,-1.11995e-06)
18 14 -12 (-0.0132105,0.000973386)
18 14 -11 (-2.14944e-09,8.43121e-07)
18 14 -10 (0.0124273,-0.00109481)
18 14 -9 (4.92365e-10,6.11995e-07)
18 14 -8 (-0.00977488,0.000211524)
18 14 -7 (5.13866e-09,1.94964e-07)
18 14 -6 (0.0104595,-0.000827833)
18 14 -5 (3.30194e-09,-4.44608e-08)
18 14 -4 (-0.0105601,0.000746039)
18 14 -3 (-3.5294e-09,-1.36037e-07)
18 14 -2 (0.0096388,3.02144e-05)
18 14 -1 (-3.48933e-09,-1.58846e-07)
18 14 0 (-0.0106203,0)
18 14 1 (3.48933e-09,-1.58846e-07)
18 14 2 (0.0096388,-3.02144e-05)
18 14 3 (3.5294e-09,-1.36037e-07)
18 14 4 (-0.0105601,-0.000746039)
18 14 5 (-3.30194e-09,-4.44608e-08)
18 14 6 (0.0104595,0.000827833)
18 14 7 (-5.13866e-09,1.94964e-07)
18 14 8 (-0.00977488,-0.000211524)
18 14 9 (-4.92365e-10,6.11995e-07)
18 14 10 (0.0124273,0.00109481)
18 14 11 (2.14944e-09,8.43121e-07)
18 14 12 (-0.0132105,-0.000973386)
18 14 13 (-4.21282e-10,-1.11995e-06)
18 14 14 (0.0182736,0.00105339)
18 16 -16 (-0.000755406,0.000843012)
18 16 -15 (4.75378e-10,-3.87404e-08)
18 16 -14 (0.00144785,0.0013816)
18 16 -13 (1.77804e-09,3.35691e-08)
18 16 -12 (0.00140707,-0.00105169)
18 16 -11 (3.1266e-09,1.67537e-08)
18 16 -10 (0.00180545,0.00049708)
18 16 -9 (1.47482e-09,-4.41481e-09)
18 16 -8 (-0.00166252,0.00133127)
18 16 -7 (-1.33483e-09,-8.32215e-09)
18 16 -6 (-0.000500887,0.000339052)
18 16 -5 (-1.32131e-09,-7.28968e-09)
18 16 -4 (0.000909682,0.00270477)
18 16 -3 (9.79491e-10,-7.46718e-09)
18 16 -2 (0.000855432,0.000636379)
18 16 -1 (1.03649e-09,-5.08037e-09)
18 16 0 (-0.00192951,0)
18 16 1 (-1.03649e-09,-5.08037e-09)
18 16 2 (0.000855432,-0.000636379)
18 16 3 (-9.79491e-10,-7.46718e-09)
18 16 4 (0.000909682,-0.00270477)
18 16 5 (1.32131e-09,-7.28968e-09)
18 16 6 (-0.000500887,-0.000339052)
18 16 7 (1.33483e-09,-8.32215e-09)
18 16 8 (-0.00166252,-0.00133127)
18 16 9 (-1.47482e-09,-4.41481e-09)
18 16 10 (0.00180545,-0.00049708)
18 16 11 (-3.1266e-09,1.67537e-08)
18 16 12 (0.00140707,0.00105169)
18 16 13 (-1.77804e-09,3.35691e-08)
18 16 14 (0.00144785,-0.0013816)
18 16 15 (-4.75378e-10,-3.87404e-08)
18 16 16 (-0.000755406,-0.000843012)
18 18 -18 (0.000114669,-8.97928e-06)
18 18 -17 (4.70861e-12,-4.19512e-10)
18 18 -16 (-8.36685e-05,-1.09297e-05)
18 18 -15 (-4.41481e-13,5.2133e-10)
18 18 -14 (6.13632e-05,1.04591e-05)
18 18 -13 (5.19113e-12,9.3192e-11)
18 18 -12 (-6.66443e-05,1.0139e-06)
18 18 -11 (-6.33666e-12,-1.23992e-10)
18 18 -10 (7.14333e-05,5.87414e-06)
18 18 -9 (-9.19347e-12,-1.00451e-10)
18 18 -8 (-5.83178e-05,1.84129e-05)
18 18 -7 (1.16194e-12,-2.64504e-12)
18 18 -6 (5.40931e-05,-2.82703e-06)
18 18 -5 (-2.93318e-12,8.12759e-11)
18 18 -4 (-5.51227e-05,2.55366e-06)
18 18 -3 (-1.97879e-12,1.2695e-10)
18 18 -2 (6.15866e-05,-1.37295e-05)
18 18 -1 (9.64897e-13,1.30587e-10)
18 18 0 (-6.5111e-05,0)
18 18 1 (-9.64897e-13,1.30587e-10)
18 18 2 (6.15866e-05,1.37295e-05)
18 18 3 (1.97879e-12,1.2695e-10)
18 18 4 (-5.51227e-05,-2.55366e-06)
18 18 5 (2.93318e-12,8.12759e-11)
18 18 6 (5.40931e-05,2.82703e-06)
18 18 7 (-1.16194e-12,-2.64504e-12)
18 18 8 (-5.83178e-05,-1.84129e-05)
18 18 9 (9.19347e-12,-1.00451e-10)
18 18 10 (7.14333e-05,-5.87414e-06)
18 18 11 (6.33666e-12,-1.23992e-10)
18 18 12 (-6.66443e-05,-1.0139e-06)
18 18 13 (-5.19113e-12,9.3192e-11)
18 18 14 (6.13632e-05,-1.04591e-05)
18 18 15 (4.41481e-13,5.2133e-10)
18 18 16 (-8.36685e-05,1.09297e-05)
18 18 17 (-4.70861e-12,-4.19512e-10)
18 18 18 (0.000114669,8.97928e-06)
19 1 -1 (-1.30305e-08,-7.05546e-05)
19 1 0 (-0.160989,0)
19 1 1 (1.30305e-08,-7.05546e-05)
19 3 -3 (2.25297e-08,0.000117861)
19 3 -2 (0.0111094,-0.00256543)
19 3 -1 (8.42899e-09,0.00022731)
19 3 0 (0.00445485,0)
19 3 1 (-8.42899e-09,0.00022731)
19 3 2 (0.0111094,0.00256543)
19 3 3 (-2.25297e-08,0.000117861)
19 5 -5 (-1.39759e-06,-9.38184e-05)
19 5 -4 (0.0754825,0.000742317)
19 5 -3 (-5.64467e-06,-4.43346e-05)
19 5 -2 (0.118085,0.00310996)
19 5 -1 (-4.07797e-06,-2.3673e-05)
19 5 0 (0.174247,0)
19 5 1 (4.07797e-06,-2.3673e-05)
19 5 2 (0.118085,-0.00310996)
19 5 3 (5.64467e-06,-4.43346e-05)
19 5 4 (0.0754825,-0.000742317)
19 5 5 (1.39759e-06,-9.38184e-05)
19 7 -7 (8.75828e-07,-0.000208116)
19 7 -6 (0.0692161,-0.0144272)
19 7 -5 (4.19108e-06,-0.000409043)
19 7 -4 (0.0606962,-0.0118271)
19 7 -3 (5.63526e-06,-0.000135753)
19 7 -2 (0.0178032,-0.0181779)
19 7 -1 (2.45827e-06,1.66563e-05)
19 7 0 (-0.122464,0)
19 7 1 (-2.45827e-06,1.66563e-05)
19 7 2 (0.0178032,0.0181779)
19 7 3 (-5.63526e-06,-0.000135753)
19 7 4 (0.0606962,0.0118271)
19 7 5 (-4.19108e-06,-0.000409043)
19 7 6 (0.0692161,0.0144272)
19 7 7 (-8.75828e-07,-0.000208116)
19 9 -9 (3.38306e-07,-9.85427e-05)
19 9 -8 (0.0126138,-0.0147523)
19 9 -7 (6.30432e-07,-0.000180856)
19 9 -6 (-0.011333,-0.0211358)
19 9 -5 (-3.26027e-07,6.47444e-05)
19 9 -4 (-0.0361994,-0.0425373)
19 9 -3 (-1.62483e-07,0.000205878)
19 9 -2 (-0.0229326,0.0417362)
19 9 -1 (4.35818e-07,0.000259427)
19 9 0 (0.0870828,0)
19 9 1 (-4.35818e-07,0.000259427)
19 9 2 (-0.0229326,-0.0417362)
19 9 3 (1.62483e-07,0.000205878)
19 9 4 (-0.0361994,0.0425373)
19 9 5 (3.26027e-07,6.47444e-05)
19 9 6 (-0.011333,0.0211358)
19 9 7 (-6.30432e-07,-0.000180856)
19 9 8 (0.0126138,0.0147523)
19 9 9 (-3.38306e-07,-9.85427e-05)
19 11 -11 (-2.79668e-07,-1.99605e-05)
19 11 -10 (-0.0159929,0.00652395)
19 11 -9 (-7.92274e-07,-3.06684e-05)
19 11 -8 (0.0100083,-0.0121739)
19 11 -7 (-1.74334e-07,4.18605e-05)
19 11 -6 (0.00625878,-0.0102181)
19 11 -5 (4.76217e-07,7.21671e-05)
19 11 -4 (-0.000669189,-0.0453894)
19 11 -3 (-1.55195e-07,7.79931e-05)
19 11 -2 (0.00227719,-0.073817)
19 11 -1 (-3.02444e-07,7.71759e-05)
19 11 0 (0.00306309,0)
19 11 1 (3.02444e-07,7.71759e-05)
19 11 2 (0.00227719,0.073817)
19 11 3 (1.55195e-07,7.79931e-05)
19 11 4 (-0.000669189,0.0453894)
19 11 5 (-4.76217e-07,7.21671e-05)
19 11 6 (0.00625878,0.0102181)
19 11 7 (1.74334e-07,4.18605e-05)
19 11 8 (0.0100083,0.0121739)
19 11 9 (7.92274e-07,-3.06684e-05)
19 11 10 (-0.0159929,-0.00652395)
19 11 11 (2.79668e-07,-1.99605e-05)
19 13 -13 (-8.28163e-09,-2.00029e-06)
19 13 -12 (0.00253232,-0.00156705)
19 13 -11 (-6.35932e-08,-2.46559e-06)
19 13 -10 (-0.00403221,-0.000434344)
19 13 -9 (1.08808e-08,7.41095e-06)
19 13 -8 (-0.00654711,-0.00747206)
19 13 -7 (2.51558e-08,9.28086e-06)
19 13 -6 (0.00273683,-0.00980193)
19 13 -5 (-1.34302e-08,7.78538e-06)
19 13 -4 (0.000750881,0.000996371)
19 13 -3 (1.45236e-08,5.74604e-06)
19 13 -2 (-0.00237278,0.00775941)
19 13 -1 (2.03475e-08,4.55889e-06)
19 13 0 (0.00804319,0)
19 13 1 (-2.03475e-08,4.55889e-06)
19 13 2 (-0.00237278,-0.00775941)
19 13 3 (-1.45236e-08,5.74604e-06)
19 13 4 (0.000750881,-0.000996371)
19 13 5 (1.34302e-08,7.78538e-06)
19 13 6 (0.00273683,0.00980193)
19 13 7 (-2.51558e-08,9.28086e-06)
19 13 8 (-0.00654711,0.00747206)
19 13 9 (-1.08808e-08,7.41095e-06)
19 13 10 (-0.00403221,0.000434344)
19 13 11 (6.35932e-08,-2.46559e-06)
19 13 12 (0.00253232,0.00156705)
19 13 13 (8.28163e-09,-2.00029e-06)
19 15 -15 (-4.45456e-09,-1.6181e-07)
19 15 -14 (-0.0117794,-0.00133633)
19 15 -13 (-9.33944e-10,-5.73743e-08)
19 15 -12 (-0.00193948,-0.00523814)
19 15 -11 (1.67179e-10,5.44753e-07)
19 15 -10 (0.0076615,-0.00915847)
19 15 -9 (-1.83529e-09,5.26888e-07)
19 15 -8 (-0.00760995,-0.00263743)
19 15 -7 (-3.82363e-09,2.364e-07)
19 15 -6 (0.0009076,0.00611784)
19 15 -5 (-2.44184e-09,2.62238e-08)
19 15 -4 (-0.00275548,0.00243088)
19 15 -3 (-4.01138e-09,-1.27521e-07)
19 15 -2 (-0.0123947,-0.00611566)
19 15 -1 (-8.0995e-10,-1.9116e-07)
19 15 0 (-0.000684524,0)
19 15 1 (8.0995e-10,-1.9116e-07)
19 15 2 (-0.0123947,0.00611566)
19 15 3 (4.01138e-09,-1.27521e-07)
19 15 4 (-0.00275548,-0.00243088)
19 15 5 (2.44184e-09,2.62238e-08)
19 15 6 (0.0009076,-0.00611784)
19 15 7 (3.82363e-09,2.364e-07)
19 15 8 (-0.00760995,0.00263743)
19 15 9 (1.83529e-09,5.26888e-07)
19 15 10 (0.0076615,0.00915847)
19 15 11 (-1.67179e-10,5.44753e-07)
19 15 12 (-0.00193948,0.00523814)
19 15 13 (9.33944e-10,-5.73743e-08)
19 15 14 (-0.0117794,0.00133633)
19 15 15 (4.45456e-09,-1.6181e-07)
19 17 -17 (2.06088e-09,-1.61241e-09)
19 17 -16 (2.03902e-05,-2.30212e-05)
19 17 -15 (3.24601e-09,-4.18661e-09)
19 17 -14 (-1.0826e-05,-3.13058e-06)
19 17 -13 (-1.91581e-09,1.66984e-08)
19 17 -12 (3.43213e-05,-3.12872e-05)
19 17 -11 (5.62976e-10,7.81638e-09)
19 17 -10 (-2.1311e-06,4.14151e-05)
19 17 -9 (2.68799e-09,1.29066e-09)
19 17 -8 (1.89245e-05,3.69287e-05)
19 17 -7 (1.45059e-09,-7.73945e-09)
19 17 -6 (3.54e-05,-3.12515e-05)
19 17 -5 (4.471e-09,-1.50642e-08)
19 17 -4 (4.14887e-05,3.34602e-05)
19 17 -3 (3.53341e-09,-1.79197e-08)
19 17 -2 (4.68621e-06,-4.69261e-06)
19 17 -1 (7.29322e-10,-1.48555e-08)
19 17 0 (-0.000127573,0)
19 17 1 (-7.29322e-10,-1.48555e-08)
19 17 2 (4.68621e-06,4.69261e-06)
19 17 3 (-3.53341e-09,-1.79197e-08)
19 17 4 (4.14887e-05,-3.34602e-05)
19 17 5 (-4.471e-09,-1.50642e-08)
19 17 6 (3.54e-05,3.12515e-05)
19 17 7 (-1.45059e-09,-7.73945e-09)
19 17 8 (1.89245e-05,-3.69287e-05)
19 17 9 (-2.68799e-09,1.29066e-09)
19 17 10 (-2.1311e-06,-4.14151e-05)
19 17 11 (-5.62976e-10,7.81638e-09)
19 17 12 (3.43213e-05,3.12872e-05)
19 17 13 (1.91581e-09,1.66984e-08)
19 17 14 (-1.0826e-05,3.13058e-06)
19 17 15 (-3.24601e-09,-4.18661e-09)
19 17 16 (2.03902e-05,2.30212e-05)
19 17 17 (-2.06088e-09,-1.61241e-09)
19 19 -19 (-2.34786e-11,-3.43347e-10)
19 19 -18 (-4.78699e-07,3.32992e-07)
19 19 -17 (-2.79395e-11,2.06024e-10)
19 19 -16 (1.44828e-06,-4.68846e-07)
19 19 -15 (2.17902e-11,1.46251e-10)
19 19 -14 (-2.38096e-07,-1.027e-06)
19 19 -13 (6.22163e-12,2.01121e-10)
19 19 -12 (2.62189e-07,-7.00413e-07)
19 19 -11 (1.26112e-11,-2.32426e-10)
19 19 -10 (2.00933e-08,-1.77897e-06)
19 19 -9 (3.91896e-11,-1.48364e-10)
19 19 -8 (-2.50085e-07,-2.79562e-06)
19 19 -7 (9.7258e-12,-2.77425e-10)
19 19 -6 (-3.89533e-07,7.09825e-07)
19 19 -5 (1.52427e-12,-1.70424e-10)
19 19 -4 (-1.11711e-06,5.75461e-07)
19 19 -3 (-1.78197e-11,-2.19822e-10)
19 19 -2 (-8.70651e-07,1.59915e-06)
19 19 -1 (-1.67476e-11,-1.59833e-10)
19 19 0 (1.00755e-06,0)
19 19 1 (1.67476e-11,-1.59833e-10)
19 19 2 (-8.70651e-07,-1.59915e-06)
19 19 3 (1.78197e-11,-2.19822e-10)
19 19 4 (-1.11711e-06,-5.75461e-07)
19 19 5 (-1.52427e-12,-1.70424e-10)
19 19 6 (-3.89533e-07,-7.09825e-07)
19 19 7 (-9.7258e-12,-2.77425e-10)
19 19 8 (-2.50085e-07,2.79562e-06)
19 19 9 (-3.91896e-11,-1.48364e-10)
19 19 10 (2.00933e-08,1.77897e-06)
19 19 11 (-1.26112e-11,-2.32426e-10)
19 19 12 (2.62189e-07,7.00413e-07)
19 19 13 (-6.22163e-12,2.01121e-10)
19 19 14 (-2.38096e-07,1.027e-06)
19 19 15 (-2.17902e-11,1.46251e-10)
19 19 16 (1.44828e-06,4.68846e-07)
19 19 17 (2.79395e-11,2.06024e-10)
19 19 18 (-4.78699e-07,-3.32992e-07)
19 19 19 (2.34786e-11,-3.43347e-10)
20 0 0 (-31.7096,0)
20 2 -2 (-0.55016,-0.0182494)
20 2 -1 (1.22521e-08,0.000317853)
20 2 0 (0.449077,0)
20 2 1 (-1.22521e-08,0.000317853)
20 2 2 (-0.55016,0.0182494)
20 4 -4 (-0.356238,0.0180317)
20 4 -3 (-2.36813e-08,-0.000789037)
20 4 -2 (0.259946,0.0232868)
20 4 -1 (-1.49441e-08,-0.000606398)
20 4 0 (-0.224705,0)
20 4 1 (1.49441e-08,-0.000606398)
20 4 2 (0.259946,-0.0232868)
20 4 3 (2.36813e-08,-0.000789037)
20 4 4 (-0.356238,-0.0180317)
20 6 -6 (3.01578,-0.472211)
20 6 -5 (5.06408e-08,0.000697916)
20 6 -4 (-2.21683,-2.65876)
20 6 -3 (3.03586e-08,0.00034206)
20 6 -2 (2.07331,-3.68229)
20 6 -1 (2.21749e-08,0.000193508)
20 6 0 (-1.96645,0)
20 6 1 (-2.21749e-08,0.000193508)
20 6 2 (2.07331,3.68229)
20 6 3 (-3.03586e-08,0.00034206)
20 6 4 (-2.21683,2.65876)
20 6 5 (-5.06408e-08,0.000697916)
20 6 6 (3.01578,0.472211)
20 8 -8 (-0.155206,0.0398695)
20 8 -7 (-1.12309e-08,0.000987931)
20 8 -6 (0.113942,0.161695)
20 8 -5 (2.41764e-08,0.000138751)
20 8 -4 (-0.127337,0.0934433)
20 8 -3 (-1.84351e-09,-0.000179192)
20 8 -2 (0.10497,-0.130227)
20 8 -1 (-5.22837e-08,-0.000272351)
20 8 0 (-0.0452031,0)
20 8 1 (5.22837e-08,-0.000272351)
20 8 2 (0.10497,0.130227)
20 8 3 (1.84351e-09,-0.000179192)
20 8 4 (-0.127337,-0.0934433)
20 8 5 (-2.41764e-08,0.000138751)
20 8 6 (0.113942,-0.161695)
20 8 7 (1.12309e-08,0.000987931)
20 8 8 (-0.155206,-0.0398695)
20 10 -10 (0.10617,0.273204)
20 10 -9 (-3.56233e-08,0.000347296)
20 10 -8 (-0.0912913,0.847052)
20 10 -7 (-7.14719e-09,-6.10472e-05)
20 10 -6 (-0.01548,0.000165738)
20 10 -5 (-1.47225e-08,-0.000157028)
20 10 -4 (-0.190657,-0.625576)
20 10 -3 (1.31658e-07,-0.000158871)
20 10 -2 (-0.1798,0.57535)
20 10 -1 (1.07948e-07,-0.000148745)
20 10 0 (-0.300245,0)
20 10 1 (-1.07948e-07,-0.000148745)
20 10 2 (-0.1798,-0.57535)
20 10 3 (-1.31658e-07,-0.000158871)
20 10 4 (-0.190657,0.625576)
20 10 5 (1.47225e-08,-0.000157028)
20 10 6 (-0.01548,-0.000165738)
20 10 7 (7.14719e-09,-6.10472e-05)
20 10 8 (-0.0912913,-0.847052)
20 10 9 (3.56233e-08,0.000347296)
20 10 10 (0.10617,-0.273204)
20 12 -12 (0.0336937,0.017316)
20 12 -11 (1.41772e-08,5.74807e-05)
20 12 -10 (-0.012736,0.0917332)
20 12 -9 (-1.32558e-08,-2.70362e-05)
20 12 -8 (0.118792,-0.0286068)
20 12 -7 (-5.95654e-10,-3.25474e-05)
20 12 -6 (0.171894,-0.0373951)
20 12 -5 (-4.86389e-08,-2.2144e-05)
20 12 -4 (0.160471,0.0474304)
20 12 -3 (-1.20631e-07,-1.37042e-05)
20 12 -2 (-0.0509392,-0.0609594)
20 12 -1 (-6.90618e-08,-9.69409e-06)
20 12 0 (-0.13713,0)
20 12 1 (6.90618e-08,-9.69409e-06)
20 12 2 (-0.0509392,0.0609594)
20 12 3 (1.20631e-07,-1.37042e-05)
20 12 4 (0.160471,-0.0474304)
20 12 5 (4.86389e-08,-2.2144e-05)
20 12 6 (0.171894,0.0373951)
20 12 7 (5.95654e-10,-3.25474e-05)
20 12 8 (0.118792,0.0286068)
20 12 9 (1.32558e-08,-2.70362e-05)
20 12 10 (-0.012736,-0.0917332)
20 12 11 (-1.41772e-08,5.74807e-05)
20 12 12 (0.0336937,-0.017316)
20 14 -14 (-0.0495305,0.0033712)
20 14 -13 (1.03808e-09,5.14269e-06)
20 14 -12 (0.0354338,-0.00382537)
20 14 -11 (1.29782e-08,-3.84047e-06)
20 14 -10 (-0.0346941,0.00411499)
20 14 -9 (6.01311e-09,-2.80875e-06)
20 14 -8 (0.024829,-0.000451471)
20 14 -7 (-1.86975e-08,-9.2051e-07)
20 14 -6 (-0.028343,0.00253534)
20 14 -5 (-1.69648e-08,1.71416e-07)
20 14 -4 (0.0295481,-0.00237903)
20 14 -3 (1.29689e-08,5.8298e-07)
20 14 -2 (-0.02558,-0.000332682)
20 14 -1 (1.53262e-08,6.91727e-07)
20 14 0 (0.0286169,0)
20 14 1 (-1.53262e-08,6.91727e-07)
20 14 2 (-0.02558,0.000332682)
20 14 3 (-1.29689e-08,5.8298e-07)
20 14 4 (0.0295481,0.00237903)
20 14 5 (1.69648e-08,1.71416e-07)
20 14 6 (-0.028343,-0.00253534)
20 14 7 (1.86975e-08,-9.2051e-07)
20 14 8 (0.024829,0.000451471)
20 14 9 (-6.01311e-09,-2.80875e-06)
20 14 10 (-0.0346941,-0.00411499)
20 14 11 (-1.29782e-08,-3.84047e-06)
20 14 12 (0.0354338,0.00382537)
20 14 13 (-1.03808e-09,5.14269e-06)
20 14 14 (-0.0495305,-0.0033712)
20 16 -16 (0.00181987,-0.00529641)
20 16 -15 (-2.98296e-09,2.88056e-07)
20 16 -14 (-0.00695406,-0.00861356)
20 16 -13 (-1.13788e-08,-2.53882e-07)
20 16 -12 (-0.0105159,0.00658053)
20 16 -11 (-1.98053e-08,-1.24346e-07)
20 16 -10 (-0.009526,-0.00305061)
20 16 -9 (-9.34654e-09,2.99862e-08)
20 16 -8 (0.00870256,-0.00826249)
20 16 -7 (8.57264e-09,6.07472e-08)
20 16 -6 (0.00466071,-0.00205621)
20 16 -5 (8.54819e-09,5.28115e-08)
20 16 -4 (-0.00713938,-0.0168018)
20 16 -3 (-6.2171e-09,5.12633e-08)
20 16 -2 (-0.00382089,-0.00390048)
20 16 -1 (-6.6116e-09,3.43191e-08)
20 16 0 (0.0104532,0)
20 16 1 (6.6116e-09,3.43191e-08)
20 16 2 (-0.00382089,0.00390048)
20 16 3 (6.2171e-09,5.12633e-08)
20 16 4 (-0.00713938,0.0168018)
20 16 5 (-8.54819e-09,5.28115e-08)
20 16 6 (0.00466071,0.00205621)
20 16 7 (-8.57264e-09,6.07472e-08)
20 16 8 (0.00870256,0.00826249)
20 16 9 (9.34654e-09,2.99862e-08)
20 16 10 (-0.009526,0.00305061)
20 16 11 (1.98053e-08,-1.24346e-07)
20 16 12 (-0.0105159,-0.00658053)
20 16 13 (1.13788e-08,-2.53882e-07)
20 16 14 (-0.00695406,0.00861356)
20 16 15 (2.98296e-09,2.88056e-07)
20 16 16 (0.00181987,0.00529641)
20 18 -18 (-0.00130341,0.000111342)
20 18 -17 (-5.72434e-11,6.90106e-09)
20 18 -16 (0.000948789,0.00013617)
20 18 -15 (-1.11647e-11,-8.51986e-09)
20 18 -14 (-0.000686875,-0.000128995)
20 18 -13 (-6.66026e-11,-1.5379e-09)
20 18 -12 (0.000753893,-7.53863e-06)
20 18 -11 (7.156e-11,2.01931e-09)
20 18 -10 (-0.000820207,-6.09526e-05)
20 18 -9 (9.89932e-11,1.61819e-09)
20 18 -8 (0.00065749,-0.000216791)
20 18 -7 (-2.32368e-11,4.39833e-11)
20 18 -6 (-0.000606871,3.92004e-05)
20 18 -5 (2.30424e-11,-1.30361e-09)
20 18 -4 (0.000622737,-3.95501e-05)
20 18 -3 (2.5088e-11,-2.06084e-09)
20 18 -2 (-0.000704657,0.00016222)
20 18 -1 (-7.36836e-12,-2.20032e-09)
20 18 0 (0.000745118,0)
20 18 1 (7.36836e-12,-2.20032e-09)
20 18 2 (-0.000704657,-0.00016222)
20 18 3 (-2.5088e-11,-2.06084e-09)
20 18 4 (0.000622737,3.95501e-05)
20 18 5 (-2.30424e-11,-1.30361e-09)
20 18 6 (-0.000606871,-3.92004e-05)
20 18 7 (2.32368e-11,4.39833e-11)
20 18 8 (0.00065749,0.000216791)
20 18 9 (-9.89932e-11,1.61819e-09)
20 18 10 (-0.000820207,6.09526e-05)
20 18 11 (-7.156e-11,2.01931e-09)
20 18 12 (0.000753893,7.53863e-06)
20 18 13 (6.66026e-11,-1.5379e-09)
20 18 14 (-0.000686875,0.000128995)
20 18 15 (1.11647e-11,-8.51986e-09)
20 18 16 (0.000948789,-0.00013617)
20 18 17 (5.72434e-11,6.90106e-09)
20 18 18 (-0.00130341,-0.000111342)
20 20 -20 (4.50084e-05,-3.50873e-06)
20 20 -19 (8.91675e-13,7.73236e-11)
20 20 -18 (-2.52548e-05,-3.3645e-06)
20 20 -17 (-1.13349e-12,-1.13464e-10)
20 20 -16 (3.77473e-05,4.74134e-06)
20 20 -15 (-2.61013e-12,4.7258e-12)
20 20 -14 (-2.63671e-05,-4.23201e-07)
20 20 -13 (-2.04615e-12,3.157e-11)
20 20 -12 (1.71103e-05,2.77534e-06)
20 20 -11 (-4.18702e-12,5.75532e-12)
20 20 -10 (-1.91549e-05,3.72347e-06)
20 20 -9 (-6.83902e-12,-2.28077e-11)
20 20 -8 (2.49611e-05,-4.04543e-06)
20 20 -7 (-1.1206e-12,-3.87512e-11)
20 20 -6 (-3.20337e-05,1.77981e-06)
20 20 -5 (1.69598e-12,-4.26908e-11)
20 20 -4 (2.12049e-05,-2.75585e-06)
20 20 -3 (3.16231e-12,-4.22245e-11)
20 20 -2 (-2.42021e-05,3.78305e-06)
20 20 -1 (2.05708e-12,-4.40532e-11)
20 20 0 (9.66791e-06,0)
20 20 1 (-2.05708e-12,-4.40532e-11)
20 20 2 (-2.42021e-05,-3.78305e-06)
20 20 3 (-3.16231e-12,-4.22245e-11)
20 20 4 (2.12049e-05,2.75585e-06)
20 20 5 (-1.69598e-12,-4.26908e-11)
20 20 6 (-3.20337e-05,-1.77981e-06)
20 20 7 (1.1206e-12,-3.87512e-11)
20 20 8 (2.49611e-05,4.04543e-06)
20 20 9 (6.83902e-12,-2.28077e-11)
20 20 10 (-1.91549e-05,-3.72347e-06)
20 20 11 (4.18702e-12,5.75532e-12)
20 20 12 (1.71103e-05,-2.77534e-06)
20 20 13 (2.04615e-12,3.157e-11)
20 20 14 (-2.63671e-05,4.23201e-07)
20 20 15 (2.61013e-12,4.7258e-12)
20 20 16 (3.77473e-05,-4.74134e-06)
20 20 17 (1.13349e-12,-1.13464e-10)
20 20 18 (-2.52548e-05,3.3645e-06)
20 20 19 (-8.91675e-13,7.73236e-11)
20 20 20 (4.50084e-05,3.50873e-06)
